PID,SalePrice
527127150,219449.3048307107
527162130,181783.1709497827
527163010,169727.33863234863
527182190,224092.98602516172
527216070,486147.1545432268
527358140,211897.54161551487
527402200,131864.6778799813
527402250,140215.69690124935
527425090,98627.07040775906
528181050,199006.1219897209
528218150,172432.92771942102
528240070,218068.16294898093
528250100,148724.50263940525
528358010,251753.76020113943
528382030,224424.5480691281
528445060,245921.0576224118
531367050,226335.35939191814
531369060,192162.25201300846
532351140,131764.00253379912
532354090,154894.0364502691
532376160,118672.90068472156
532479070,170788.20476625056
533212060,148847.16127380845
533221090,160485.38090535646
533238045,287433.6443225998
533244030,223108.27123608947
533352170,173876.35261051374
534152050,213723.72847995092
534152070,210765.72820341494
534202160,155620.8423273479
534251320,184018.92100069404
534276360,108943.81847278727
534425310,144962.96922144294
534427010,154818.7721301168
534431050,230928.00695270154
534431070,153152.48344196644
534479320,142894.73307778337
535106190,171886.3351713795
535152250,139805.8465456033
535302080,119739.68600249226
535350030,126648.70532772274
535350040,112884.15628123634
535454070,148962.38589369494
535457090,137593.24708249
902102100,120237.71121642791
902104060,78179.09101970468
902110090,132010.25167797427
902125080,110298.26866993887
902206040,135673.83983287364
902207140,93087.55684166487
902402010,125866.61893943713
902402250,154035.71376556595
903206120,181581.32500664252
903226160,99750.65247527635
903425110,136309.95489446784
903430080,101441.1719184561
903450110,84068.14668238244
903454060,60678.335392161345
903476030,131308.23402927574
904100140,205452.023729179
904302260,118452.63348690259
904352190,118315.10398012877
905105200,118653.04861681352
905106140,128631.767648212
905109130,284012.9253098164
905109170,239636.8717192065
905325030,237064.54621786217
905352140,226969.27083854462
905451320,139238.20883914654
905475510,126575.90245660151
906201120,259871.5699262849
906223090,236124.2937908722
906380190,187007.85922139813
906385020,206240.59844797247
906402200,354754.76459101634
907200280,138136.95190596173
907203070,116227.08283918018
907250030,302753.13544902334
907290040,207804.8835813983
907290170,149397.67566417827
907414030,186050.85909469644
908102060,65329.650134017764
908102110,77289.51421571834
908103350,130013.49052584785
908226130,86522.55649503018
909100080,131388.79774145782
909101070,68656.45250713985
909250060,185007.4402274516
909428280,304341.2815842852
909452114,208605.74069417492
909455030,190478.03406272279
911204090,101862.78193105882
911370510,289437.02596318343
914478110,186231.32358662767
916386020,193942.48150845437
916386060,140194.74887270806
916386090,317573.98489520454
923205015,151619.77078099598
923230190,118539.99388134867
527105070,193419.64140302868
527105130,292831.599876755
527131030,256479.0465048054
527146010,249469.30764608452
527180100,167250.76760410983
527276160,190356.64759238748
527301320,261029.5469124341
527352150,185211.4261969302
527375180,147051.48352124658
527376100,141774.33331298438
527378140,170593.41210180597
527405180,97967.56156268953
527425110,117942.53187594483
527450280,84573.40554623157
527453060,140568.5089594698
527453140,139260.9324564177
527455050,140718.92708083463
527455080,144574.32510827662
527455090,121489.49917224557
527455280,149681.60729059528
528102040,440184.386863692
528102140,438269.07591215393
528108040,405759.82058476703
528112040,323129.0293804618
528116010,337922.4541534229
528118060,341993.44316969643
528120030,347898.3852413102
528138010,356738.5267192727
528142040,347616.31442669826
528142090,294129.4887075045
528142130,304267.5386012322
528168030,296270.2654122311
528174050,201760.99884761637
528174060,197423.65665389376
528218090,174849.4493165812
528220040,174671.02304027294
528228295,215165.3233440458
528235010,182201.4722762081
528240060,179044.32448078156
528250020,191180.32480635552
528250040,172814.3651873219
528275070,225196.5091189695
528280230,214932.28088086576
528290030,161963.02514976257
528290120,172235.31479286292
528290180,166978.3485056358
528292030,271164.2042517953
528292070,230252.80614392794
528294050,140832.3718623849
528344040,335401.33890587196
528365070,336973.964126877
528431020,250852.40757206368
528435050,283289.90486821596
528439060,238963.90736546263
528441020,227093.93232995505
528441090,443953.58253311773
528456180,252774.52813384414
528456220,206722.43651444843
528458060,191188.00280785316
528458180,217638.98689535208
528477070,270180.2609592664
528480040,245801.77436801913
528480130,212817.2956050842
528482040,270963.19132815104
528490070,200351.09921274576
531363050,139754.77321209604
531375040,164738.71991965175
531375130,157337.87319331366
531376090,217587.90352495766
531379050,240965.0135936471
531385020,182114.64440759667
532353020,112173.53912216064
532354230,114237.6941628121
532377130,125010.41138038633
532478020,338584.9533843233
533213020,197280.9499067943
533213040,160825.7731408787
533236050,187470.10724805197
533252040,303343.5394866861
534127130,165452.0764355407
534127170,171263.08754239042
534128020,212394.35219377352
534129080,210094.83470079635
534152120,171296.3948330224
534175080,218472.73809055478
534177230,213412.01295404253
534200030,113570.00377107199
534226120,105154.87994642444
534251030,188474.6584508361
534252240,162603.93657629634
534275060,104739.26021020701
534275100,93141.8177113767
534276040,102308.52907869339
534400290,152526.82373898377
534451110,118933.67132696614
534475185,165277.97366670484
534476320,122443.56655205248
535126010,217587.9752810068
535154130,142469.68953508162
535175030,170191.48837077298
535175050,151533.3645791457
535178040,128018.36240146135
535179160,128143.40976610646
535301170,176090.61451487322
535303150,116555.5062896848
535325290,107892.35691875117
535354070,122460.89610101697
535375050,114433.41440234143
535381040,173535.16436136997
535383060,42717.41290759595
535403190,142842.10776400016
535450160,60016.573241949984
535453200,150568.13480724746
535475010,167988.40602168703
535476110,123752.25636286175
902105060,111029.2581927035
902106010,132936.6088022472
902109130,83400.58181258435
902134120,98615.88401148909
902135020,92826.95323837001
902201110,116288.54190640344
902300090,106957.95625841206
902301060,120019.64748563216
902327070,164109.320190938
902329080,133534.40121413162
902330040,193633.5752911761
902401130,144631.21119874762
902402150,107765.72749583969
902405100,179749.67157687127
902406070,149613.62824312298
902477120,56214.5326855226
903201020,130388.56576377964
903202170,120941.38269117825
903226130,124468.40969592819
903230100,127232.42383568821
903231010,134830.1868087717
903236040,119183.6821879847
903400220,182053.22913445166
903427120,144728.33051634647
903475100,127707.31012774307
903476090,150671.37664033656
904100190,73159.7361910287
904301070,165920.260595644
904301375,67003.49202509628
904351200,124102.62511800336
905200260,142776.43125062867
905200350,135167.13107335634
905325020,241286.21457950585
905451300,117891.41175473909
905452040,138742.36916768336
905475160,115324.14610392562
905478030,151349.095012489
905480030,111484.4752927629
906201050,170977.61461003256
906223210,240857.2638293332
906226060,149368.32430194024
906226080,155073.3458069194
906226090,151188.27753246392
906226140,106710.59103735906
906340100,382703.80741067126
906378110,227174.48173140144
906380060,289000.3870883914
906380100,274435.64015010087
906380220,231200.61673020033
906392130,171026.67570692374
907126050,143723.01214951178
907131090,193795.98134961954
907131190,199378.4975087796
907135040,144674.39775707416
907135170,145729.36416655622
907185050,190984.78586019416
907192030,181270.20827623643
907194110,182028.6604010798
907196060,188329.81841899944
907202130,153232.36256058104
907227080,125572.40779981253
907227110,118928.79381510674
907252060,245224.5008668679
907252220,256330.70661119014
907265010,200853.35133460638
907275090,221332.1263498658
907285020,235012.18014914705
907285050,181695.90363682882
907290070,165232.031595317
907412020,186790.3020457401
907414080,169769.96118892354
908102050,113027.03272527189
908152100,130887.58275469669
908154040,325875.6731138659
908225370,100473.76676843766
908229020,59266.46114424917
908275040,110368.76276148277
908275110,159146.60737302015
909101010,116842.85844323813
909101140,142317.11783575534
909129090,114619.06414543194
909179020,251838.3534393026
909251170,149924.72959182825
909253180,115530.83486830763
909279010,209052.06261609198
909282130,153009.11124853365
909427200,158715.61489213028
909451040,92661.10033942151
909451140,109767.82928068588
909451180,116145.27867168054
909452050,217676.77589574977
910204050,162163.26579715256
911104060,65978.1967483713
914475010,132199.66734248592
914475030,170909.77793740612
914476020,123721.77697514904
916386140,216984.5229521816
916403010,182255.76722185366
916403250,234408.4144991006
916460110,186139.85300620756
916475040,361562.95596113964
923203110,176859.44552621525
923225360,87640.88505721606
923225490,112396.02017301484
923227080,158039.4289261198
923275040,170241.4607384725
923276260,133337.301698773
923400025,168260.01827275046
526351030,184968.94365436365
526353050,226569.2555455727
526354070,186698.90113722807
527106150,214796.54335734298
527127140,280399.7837301409
527140090,224793.76194495248
527145090,185166.8847564846
527165010,187620.83419430154
527183060,221887.8173282557
527214030,392065.18747890205
527226020,194960.87330603471
527252080,340694.23176386923
527302050,180015.38766675946
527357110,122118.95261707311
527380240,290148.38251148676
527402060,123173.3546272899
527450110,85573.5216966416
527450520,96645.84303186032
527451060,90966.72136030515
527451290,86268.84628499101
527451400,106593.23710451905
527451550,115233.30561284734
527452150,125653.93804712653
527455270,114005.22630513416
528104080,426420.7801578307
528110110,390863.0325661549
528118030,400307.5030868223
528142020,272240.5754541225
528166120,401826.6322191113
528178090,340046.10483448365
528186080,293653.9931945825
528228345,229133.2857560321
528228445,173843.32361509526
528235120,176032.38315610704
528240050,183309.3019857556
528280130,181031.74877697506
528326030,296233.177129627
528363020,310702.2376415812
528363110,361762.4052329962
528387050,283915.5759862308
528431080,220535.95882665945
528431120,272918.54969131364
528458050,208755.7136900414
528462040,197126.1275561129
528478030,262575.714606862
528478040,233324.54171173938
528490080,200964.98036147907
531363060,159339.8984759261
531373060,194155.63357543407
531375120,165022.48177814353
531376010,174747.9936078124
531382110,199152.49231548715
531382120,213902.6761144217
531450030,186173.15149939145
531450170,199171.94955925999
531452140,158392.45624056002
532351050,109089.63461376373
532353050,126502.63323361936
532376170,106554.99731644329
533206050,171477.38647970674
533208080,146991.25660934683
533212050,136482.21512770897
533212140,133389.8884414725
533212150,133609.34976466233
533215020,270559.61521583254
533215070,263190.752306099
533215080,263312.2776608637
533217050,149842.94052427437
533234020,215590.46095264945
533350090,357045.74786767096
534126090,172914.5854332138
534127230,176903.6214525443
534128050,157649.67148474575
534129060,194299.96404345002
534175140,125669.91025729265
534202130,135392.7114665893
534225110,126052.22917095966
534225120,135143.67180673097
534250010,132402.21374048124
534403100,174597.61903567443
534428020,108350.01040492865
534428100,127115.81720044394
534453140,80366.1498092155
534477090,131707.6767060787
535105030,135267.70020482235
535126140,220492.8543218069
535150210,138020.24526384752
535151160,138521.3065912365
535179060,179156.42917798806
535302140,109724.24031819674
535305160,79462.44752382055
535327230,111020.42898601251
535375160,98708.85065128354
535402120,175324.4709148335
535451010,94549.81375111088
535451050,97048.8632486705
535451230,90720.15534449289
535453210,140287.64985540768
535455080,111952.5122129982
535455090,130005.43655455249
535456100,94450.48274501842
535475020,178258.38090060433
535476370,186150.33094129481
535477090,115086.77166878167
902100030,89970.29669581095
902103150,116691.69451479436
902105010,93273.51449395996
902105020,232729.26565506845
902105130,72954.47957330376
902107030,138501.56657904224
902306120,139094.01406287999
902306130,139308.1005915744
902406020,100533.35133068287
902427150,110871.65520088733
903201030,132296.89432225982
903204095,104934.95964433286
903206070,146896.43882487563
903225160,113715.04976442459
903226060,168132.0729202652
903226150,100389.95651503505
903228040,140630.6981253062
903230110,92815.30920070806
903232030,96885.09914281081
903234090,136896.53630832874
903400180,158265.4228381995
903401020,160170.51200049266
903453050,127600.40026146857
903454100,158430.03227626396
903455030,113974.31827605101
903455140,117095.67520444904
903456130,103406.90915022398
903484020,132103.00189114176
904100160,106316.13233423712
905104080,91781.23579170695
905202230,190680.5772054932
905300020,153138.41832622094
905401045,199709.1167155517
905426030,205515.26069259126
905452120,147862.78182159743
905477050,143148.89113863494
905479110,124723.47577795367
906223140,226777.18805498196
906380030,236004.4966444344
906412010,395800.5292176723
906420130,236052.04757604553
906424010,263528.0658654962
907135260,147157.73887230258
907192130,207466.28284581765
907196050,206872.4053814208
907201060,143339.02343211364
907227300,117657.8024767235
907251090,241070.5874900266
907255020,247524.5832102085
907255060,306336.8237118221
907285080,215090.41473796664
907290150,145342.63094451415
907295020,224673.64670517482
907405020,207404.2773045238
907418010,215900.43016561808
908103280,150078.04185397673
908128050,141432.6599709852
908151040,135527.1592206606
908186040,134317.92460149335
908201120,115138.04717388765
908225170,95142.4309954528
908250040,101749.78374475037
909101180,113792.4162518516
909131170,117525.8908274252
909250230,122849.20885508446
909275050,162811.18083108234
909276170,197038.6678862162
909281110,233091.6232344102
909425085,234225.1465466357
909428190,233970.50086367427
909451150,130456.44974326892
910200080,106260.84487236975
911102090,90811.39893300371
911102170,96884.07089552924
911370490,317993.61494600994
914476010,160938.7492362774
914476450,198398.66017357874
916125425,283749.523101302
916380060,281249.38515779807
916403230,185616.68577395403
916460060,224125.76227628998
916477020,310997.26524274936
921126030,252324.60674656337
923202005,209589.60367688368
923203140,180605.8846589857
923225080,117539.67977520145
923225370,90198.72528424564
923252100,129636.83663504595
923277040,132838.24221451802
923426010,136932.46881195894
924100020,174179.235483328
526352080,188529.5750085766
526352090,172429.09962809595
527110120,177161.71436255818
527158090,159033.42080571764
527162090,155770.76900845714
527163080,151892.10632036102
527165100,150963.65258940286
527175130,158714.7506863626
527182170,243335.32148777845
527184020,197888.47127599167
527210060,371650.71549143724
527226040,212226.82609584084
527252050,316765.2374799583
527252070,258224.03648785217
527301080,190739.85246926415
527302090,215523.34202748752
527325110,184320.58902968554
527328020,150078.51787296636
527359010,182213.87530362897
527359080,181635.7149731233
527402240,177676.05717976711
527404100,110849.45961205215
527425140,112709.30649789321
527450220,101634.55517191895
527451170,127755.82713016694
527455030,146410.10761941556
527455250,126625.08566016685
528102120,283890.65034560265
528104010,343366.8940821962
528106040,379538.3721517953
528108160,284746.47502385883
528110070,294862.4112306156
528110100,384141.28716050123
528112150,248968.788732466
528118040,379743.4865578686
528120150,304076.3844307772
528144050,345756.17816320236
528150040,348647.94645562547
528168040,288139.6613889752
528172050,255261.92816189287
528172075,260668.19922499836
528174010,185020.48161556415
528181080,198648.97974207712
528186050,299299.5834191181
528186090,302782.51278569247
528186120,314293.6338237291
528188160,207502.30032813302
528218020,174974.2742813237
528222060,186331.10485211245
528222090,178752.86278398783
528231010,239362.1082042668
528235000,161911.70893293136
528235160,212134.0570152086
528235170,210913.36923783104
528290170,174852.08087922024
528320050,605437.2908411487
528327060,535735.8612592
528354110,313956.65292969736
528429090,332494.19764857553
528431030,217293.091533054
528431040,478534.7490243983
528431110,289944.0153582332
528435070,250062.7516946352
528445020,223840.1829202868
528456190,207813.90659115138
528456230,193947.16793151153
528458080,241211.76513893885
528458130,297922.5514494566
528477020,243182.04880519625
528482010,256944.81229916547
528482090,289514.68779429153
531375140,165159.9289085302
531451150,116993.80691977503
532378240,114899.6624415733
532479050,146250.88673829066
533120030,324174.0214643347
533130170,313880.5354830803
533208040,208865.09888989394
533208070,155448.47589536084
533213130,152541.80505033463
533236040,167618.32005818217
533242090,282163.4330198345
533250190,245409.030462943
533251110,309387.7207848832
533251130,202482.45765497372
533254130,189808.41695480296
534104090,230099.1356603092
534125120,124344.6818760682
534178010,144663.27159904686
534201040,134822.92346274637
534202030,143864.18360262818
534252110,124068.50012943566
534275170,120824.57992884843
534276180,129814.97752742194
534278170,125164.35289573674
534278190,92546.16714074371
534403290,206883.6698256847
534403420,139997.61775665474
534425080,172627.74609122897
534429030,80432.59112408827
534431020,103465.13809363692
534450090,30695.0926855258
534453080,102880.4146821084
534475170,186235.23742412883
534478140,126519.463916482
534479120,122429.62523383972
535101150,139137.8213544563
535105110,159167.6096563727
535106180,146621.8191306207
535151100,124858.53303152732
535151110,129979.90307424069
535152060,126612.10220471366
535177110,151435.15865462474
535181030,189889.32129007694
535181140,162028.0247188972
535302070,118429.2561398768
535327200,116684.12441933318
535353160,131992.23073934196
535354050,118454.42954477892
535375130,90546.83190540307
535378080,128692.11518294198
535379110,135572.4893266374
535382150,49885.99077812969
535450220,126254.96389843416
535451040,107859.86422626337
535451110,123537.27762571833
535452060,118546.68537290912
535453080,142567.2859255178
535476360,202456.24906525845
535477130,171282.8900833237
535478040,120296.09647433789
902105110,83881.72400353086
902106070,118624.43653063443
902110010,85075.62038826087
902202070,129574.76386918
902301030,130790.27846541058
902305010,149587.90612824363
902408080,207007.53335965253
902427040,108757.26783962641
902427180,119626.18776127364
903225040,128483.32366257066
903231180,116707.16839475709
903232100,127361.89354067968
903426010,157277.4173092462
903453080,216755.02628169328
903454010,118045.95493460304
903454090,126875.81065843272
903458060,131504.5281044236
903476100,74650.09344313327
904101070,278874.4005818763
904301110,103472.58042114538
904302010,93563.73423376027
905100080,173658.01093865422
905102010,143647.00702817139
905103110,140184.58170359777
905105040,103499.40907358684
905107140,127365.86176215752
905201080,165317.02574290155
905226080,152952.7736292443
905226170,153034.20601032992
905301050,314945.1921567252
905376090,131879.62803792657
905478140,135344.57665156748
905478220,153449.38765591965
905480090,80440.07909733165
906201022,184590.31540849144
906201023,247307.37157868396
906201200,271015.02744241455
906380040,254197.21245745738
906380120,206877.7615442698
906380160,190069.142038928
906394050,170391.05616057193
907125040,150409.59792839838
907125120,134486.2323870315
907135180,129715.76337421815
907180040,202187.92657111253
907187040,219252.42893951578
907192120,214904.53004785522
907192150,186918.94770619305
907202220,110478.14114772249
907203060,107831.65601543686
907260040,184765.62215344555
907275080,244730.55301879504
907290140,144723.152437276
907295040,226466.76822949375
907410020,182016.2262772944
907414060,186189.89663318713
907420060,175306.49069264595
908102100,134053.2757657422
908127070,124322.08156150149
908152070,145277.30401725863
908152280,166182.1392059444
908154205,693918.263458944
908225240,105612.28073306973
908225310,61227.533886161924
908226180,69916.1754722741
908250100,95590.94667358471
908275090,103064.81775359664
909252010,164566.82921020826
909252170,147581.0168859839
909275110,182301.9171546085
909276210,163252.5706745342
909281020,146489.29767288658
909428180,201486.0707498324
909455060,164895.92431213768
910201020,88734.74543999365
910201180,158194.8331554786
910205130,131647.1925129211
910206010,60230.44923908269
911128010,99049.75944694062
911370460,287266.013322505
914452090,173839.19293863195
914452190,149495.82903340546
916384070,247950.84758018225
916384150,254183.77593229833
916403040,153154.80177638517
916455010,211274.72037440742
916455150,305702.6333021069
916460020,186859.6961625043
917425190,251831.94991243584
921205070,289201.0556620548
923202134,148898.34089453839
923202220,165657.34845730383
923204140,148054.67564229938
923225050,131074.9344737962
923228220,79493.55536180962
923229010,156432.05119206905
923230180,118405.35075856157
923251160,164640.17266513742
526302040,155019.94774003566
527108020,233639.77825549565
527166030,176423.1084481465
527182020,186203.59839438344
527190220,264728.3632464191
527210040,556392.8039222652
527210050,376556.6454042335
527216050,527025.6718477118
527252090,323282.5784068038
527254070,334526.1958610354
527327080,176990.01178993238
527356020,304556.77650527825
527375160,199941.17615210416
527376110,167740.8161240542
527402210,94855.4190551905
527403120,102362.00715196898
527427210,184554.1365090919
527450080,109470.03453037364
527452290,138744.9507555991
527453070,129935.01102066273
527455100,130856.66490354965
528106010,368150.3326109953
528106120,255274.32676458842
528116030,356792.3820752426
528118010,332457.0147910123
528120140,368655.098170129
528142070,338247.7216822592
528144030,293130.77967797517
528150080,378323.49960723903
528172020,268534.8309864966
528181030,193144.47247361005
528181040,193060.10408757246
528186110,306834.2685263748
528218060,180804.43026689964
528218080,188601.4279328428
528218140,234241.51938285102
528221010,188106.09792166224
528222020,187998.94448899152
528228360,198039.64042397492
528228565,194004.92636187532
528231050,188658.6557776095
528240080,219973.64539199186
528275060,161657.7074791098
528275080,191172.6043116661
528280100,197294.7101833817
528290140,183579.17231749315
528294070,227764.6377068869
528315070,288036.1949220455
528320060,594776.6796621947
528358030,331120.329858926
528365090,317508.6735927376
531375070,134222.92422835855
531375100,185440.3332292304
531450040,169700.66331931486
531452100,144655.27713973608
532353180,144934.4405898376
532376180,102648.40640765124
532476050,296424.5147866749
533110130,268333.69996150513
533128030,256061.40908962465
533128090,282106.6871573935
533212100,132301.21376154613
533212110,139048.79492931208
533223080,155563.7968334544
533241010,188333.3717609327
533242030,210127.63424211365
533252020,173590.6814118613
533253090,201914.02705493366
533253160,194902.0484899992
533350050,373167.1222500894
534127190,225626.00967220822
534129230,179507.3196725016
534176250,129668.83882030971
534201280,142010.54588789324
534202180,145114.89529725673
534250300,194627.81531030027
534276230,153968.62240223313
534403280,169844.8530020827
534403440,138824.29732160422
534453150,114523.13684381163
534479240,136763.44467840064
535125060,232237.31964411732
535150240,120897.11200925623
535150300,280014.90702375217
535151130,121476.02904521576
535178100,153511.55910692224
535179050,124453.92218446526
535301150,123083.89850755999
535304020,132205.3754543083
535305120,144614.46038649906
535325460,206189.17059116755
535353180,257604.79278945265
535354130,116896.3235386938
535355100,116213.14108216306
535380130,112980.73785898439
535381060,94470.90435718201
535402100,155769.40420622873
535403150,131616.19660245837
535404080,95031.56290166563
535425040,189842.12541789125
535451190,91034.64533896571
535454030,58442.05955303315
535478010,129297.51696381051
902100130,101677.74739191314
902104020,134114.65582232573
902106040,169454.36816729914
902110120,137213.44755556536
902128100,92387.49172643166
902325050,168657.89269468663
902325160,100451.98795647436
902329070,112744.67227391546
902329090,143971.28972096948
902456015,61900.63682548479
903200050,79851.87807260957
903231190,119754.41717270139
903232170,67113.18429854047
903235020,105860.49668307522
903236200,86514.8216754712
903400030,95176.30954520864
903455090,120093.87497495135
904100090,171671.6536435287
905100030,132206.48139484046
905200380,105733.383467386
905201090,171136.04354018875
905351045,176042.8333503329
905426100,207178.0539996101
905451050,137567.56806058774
905452150,138502.18610049895
906204180,234459.4229189182
906223180,228051.27173560672
906225180,182872.63025416987
906380150,161728.50312561216
906392120,303987.7032659867
906394010,225083.90984431113
907125020,132058.64699043988
907175030,226406.32438679965
907187010,208366.61656487838
907192010,211822.04798453068
907194130,198559.51037752067
907201160,157717.25597231797
907203010,114187.93591346827
907227090,111186.66344687383
907230240,130728.06103675289
907290080,216458.79866869017
907290260,242998.58759204112
907410100,185013.37472638197
907410110,227789.17701664945
908102320,158979.34724929903
908103320,129473.98390019935
908127050,118510.02543970667
908186090,150678.59497327614
908188120,155701.90117111395
908188130,151459.8383667335
908227040,86995.13703234479
908228040,101025.69524393002
909101050,102666.90755157532
909101190,154284.49396543883
909201180,107390.4471003578
909250200,106802.97558345426
909254070,164203.41880005153
909275250,148562.08911725014
909281010,240441.9539401324
909425120,199683.80795076047
910203230,69009.31707331035
910207110,80444.47044993332
910226060,141183.43463163407
913350030,212184.2029603483
914452060,135528.04064299422
914474020,210237.6993163945
914476050,141873.62596369855
914476500,201305.0637065013
916402125,181687.32451465688
916403020,183427.1219065563
916475100,315154.28033793136
916477010,328508.53834229056
923125030,124940.26375247378
923203090,171367.5574050481
923205120,119728.95072147828
923225240,115784.02056293265
923227100,136577.85971851804
923228310,62171.09693959812
923229110,184627.8607641164
923250060,164456.29799785482
924100070,172293.95262427256
