PID,SalePrice
527127150,239850.18403772413
527162130,189300.9050717464
527163010,176728.11625978784
527182190,228771.84282648077
527216070,445289.41051220626
527358140,191037.17484894357
527402200,156388.30677611183
527402250,169263.65852555694
527425090,76755.40547768213
528181050,219848.2409717402
528218150,169520.12188974602
528240070,217178.4712292129
528250100,174152.2601791157
528358010,260468.67326286214
528382030,260976.11254611707
528445060,249423.36565775034
531367050,240268.66291507223
531369060,201172.96224784636
532351140,115718.93399118871
532354090,150342.3722607543
532376160,116896.19762642287
532479070,194697.5240690527
533212060,145060.10100662292
533221090,152092.50350054516
533238045,293094.39152098016
533244030,246126.2177316214
533352170,159619.3060551902
534152050,208567.0924850035
534152070,204688.80211694885
534202160,153704.0359463352
534251320,148092.0309960455
534276360,118562.12794540604
534425310,144046.46274584805
534427010,161160.24943948048
534431050,234300.44614418078
534431070,145088.45130608036
534479320,127431.84903773168
535106190,130339.05717932792
535152250,153791.4131473298
535302080,131582.92575705113
535350030,137747.86796770935
535350040,138056.07219163186
535454070,133869.97688682046
535457090,144530.2386650135
902102100,123419.3711169818
902104060,80551.9121360327
902110090,160861.6725732591
902125080,137940.8487170648
902206040,143600.6849142573
902207140,108659.09206481821
902402010,120561.53283650803
902402250,152535.23029912496
903206120,161280.96177007645
903226160,133453.3657128201
903425110,117082.54301882446
903430080,123048.44421007554
903450110,74523.31477652949
903454060,69494.32348088098
903476030,113169.59051746856
904100140,216864.04207966133
904302260,97479.23710910331
904352190,104571.71689480884
905105200,139345.32329496456
905106140,141205.09112729697
905109130,290595.71885765274
905109170,240074.4157478543
905325030,248022.43246238484
905352140,235948.5079602535
905451320,130798.07255629268
905475510,103969.67855710012
906201120,250870.31115526913
906223090,228068.43232883554
906380190,199403.3101087068
906385020,209823.01267668683
906402200,302984.93464206246
907200280,167320.92315307574
907203070,135697.0954651927
907250030,265960.27972454275
907290040,216976.04179409076
907290170,122241.17487956057
907414030,196975.48029818595
908102060,67233.31577015646
908102110,100119.47801436584
908103350,126394.39178887382
908226130,64282.263535489794
909100080,131122.0291708066
909101070,43145.29955549841
909250060,216504.64076168725
909428280,288784.72486514377
909452114,237903.57615307518
909455030,184564.57405181747
911204090,102215.06407824802
911370510,269305.47097569576
914478110,193385.0953216917
916386020,232399.20868785583
916386060,171689.92293449622
916386090,307731.8154172514
923205015,163274.09614497947
923230190,137370.45078525742
527105070,182188.3467794738
527105130,240260.03938978666
527131030,257005.17539160582
527146010,264626.3572466706
527180100,183726.0215921377
527276160,201257.01108616515
527301320,254229.28418123748
527352150,184266.91866378827
527375180,157683.88741645342
527376100,149471.13081645285
527378140,194833.53480203863
527405180,110968.1525823721
527425110,119306.36980304566
527450280,95625.05589515345
527453060,133826.74913350464
527453140,128280.22365358536
527455050,155967.14923156804
527455080,148422.48524296144
527455090,126571.91743823938
527455280,147341.37846406043
528102040,405122.8219138842
528102140,438257.51129756105
528108040,396405.898288829
528112040,348635.8602952244
528116010,300525.27973500954
528118060,318024.49390228407
528120030,354213.7447271246
528138010,366971.8459212929
528142040,363887.04416809685
528142090,310565.57144739537
528142130,278465.22181266657
528168030,311639.15356079914
528174050,185906.4261272972
528174060,187869.9774597971
528218090,168329.2584427906
528220040,176121.16718963123
528228295,198405.12698808603
528235010,190109.9775465874
528240060,220077.14642395673
528250020,188144.4907327613
528250040,179485.44598147296
528275070,219269.86443326177
528280230,216291.6030415505
528290030,189399.61213016108
528290120,182438.6790900357
528290180,179195.37251602797
528292030,238417.01644925863
528292070,204708.3398802523
528294050,182026.16349248795
528344040,318899.64328033593
528365070,334589.1442054502
528431020,235906.9882638655
528435050,265196.44030156755
528439060,260309.65998124095
528441020,230128.1797267905
528441090,412050.61465818156
528456180,231390.88575822522
528456220,207022.6945899204
528458060,188087.25209842107
528458180,223454.54868781043
528477070,268316.46341272775
528480040,246094.23558853279
528480130,204924.07815394804
528482040,230715.30689676228
528490070,213833.13912802376
531363050,154969.43181069527
531375040,152836.71527699364
531375130,159177.66542134987
531376090,181317.47405079758
531379050,248944.22819391376
531385020,188382.73144349456
532353020,136885.67278639151
532354230,108467.36115810506
532377130,116420.20630856266
532478020,295852.4494551997
533213020,154110.32613768513
533213040,151475.4872415272
533236050,196205.3678732938
533252040,299248.6352929486
534127130,180800.27366149912
534127170,195438.40580848727
534128020,202871.80200182582
534129080,191356.8467362354
534152120,168990.76744994908
534175080,239083.58912623863
534177230,224447.25052317395
534200030,111171.3919634221
534226120,117555.61472235942
534251030,168802.10104568786
534252240,152733.7853180577
534275060,123547.40192682475
534275100,107155.48255704931
534276040,166885.73722285486
534400290,152957.0682179335
534451110,102140.45118159673
534475185,135713.19043099895
534476320,120954.27629336884
535126010,197696.98503052385
535154130,178687.78584409942
535175030,188202.30862098752
535175050,137288.13140779582
535178040,138517.9856109753
535179160,130677.91399158817
535301170,152300.58311818587
535303150,147749.1912318949
535325290,92816.61269230903
535354070,125680.11208975772
535375050,156651.62210216932
535381040,180933.63350834788
535383060,47793.05493875244
535403190,153243.4385458293
535450160,83181.45978539572
535453200,139489.44849192025
535475010,156865.5062677698
535476110,122523.38004497054
902105060,133223.52622820024
902106010,130979.81019982057
902109130,92860.05249343572
902134120,88155.69311846881
902135020,111371.27248690599
902201110,127834.14009523773
902300090,100459.91770010126
902301060,103627.41174728305
902327070,132442.0798888189
902329080,140297.22138121113
902330040,209659.91574157102
902401130,154298.06465201592
902402150,99513.3322137951
902405100,129867.08322560319
902406070,135060.97090512895
902477120,58031.10452470346
903201020,137716.2318605824
903202170,149684.76220313387
903226130,116715.62578978844
903230100,114670.674407642
903231010,137097.52995920792
903236040,114374.4050225458
903400220,164109.29774124883
903427120,153904.27703370634
903475100,118726.11860189919
903476090,85659.18821668487
904100190,110600.95169544082
904301070,170038.4080545925
904301375,47715.665386459325
904351200,127682.05104302485
905200260,161870.28493714216
905200350,112961.01519631436
905325020,223362.1357447311
905451300,122782.55379011188
905452040,118590.06912497379
905475160,123546.89653641946
905478030,136824.42646860887
905480030,103022.42779818698
906201050,146874.8388818273
906223210,239583.19329922524
906226060,152598.0476223198
906226080,127191.97633750024
906226090,133949.14255671925
906226140,113211.81014419527
906340100,339808.16707649676
906378110,204212.66364924161
906380060,278261.4341234886
906380100,301226.0527434244
906380220,205701.80030341574
906392130,180278.35295095283
907126050,179974.02792696378
907131090,239400.09196230414
907131190,219318.86591058737
907135040,157503.56036796427
907135170,150741.01377315202
907185050,207927.74170553024
907192030,198085.70201261272
907194110,194510.75608488958
907196060,196424.53336134573
907202130,171912.4358494588
907227080,128290.14808792189
907227110,136780.85951407923
907252060,242591.1680947141
907252220,241427.98701926402
907265010,206482.54741490926
907275090,207939.24787829336
907285020,238228.31384244098
907285050,193427.00911495398
907290070,179931.11478746322
907412020,208468.33798475226
907414080,183880.47164963014
908102050,96438.83258456185
908152100,134387.90717801097
908154040,324578.57004292693
908225370,77799.13456858581
908229020,81957.5703368311
908275040,110396.62686330015
908275110,133470.29639256618
909101010,107641.87401970066
909101140,145481.15805764814
909129090,99744.05903903014
909179020,197729.3887813
909251170,162366.46721811572
909253180,175857.72051454522
909279010,195049.91116494086
909282130,156683.36710514035
909427200,176690.74105272206
909451040,90294.18388058417
909451140,108978.33835601243
909451180,118709.96200411944
909452050,226882.94074504278
910204050,128844.36393341167
911104060,67210.89182114348
914475010,156667.42777828005
914475030,174587.40635293
914476020,122471.2022816501
916386140,234360.1900617602
916403010,205303.46740822357
916403250,219782.82877096068
916460110,220787.18113537034
916475040,361090.7307207153
923203110,170489.85698982066
923225360,71501.39534616107
923225490,134595.23967111055
923227080,167406.06837435957
923275040,149184.31663017016
923276260,132848.37992451194
923400025,163928.84331117535
526351030,211079.48685553847
526353050,236866.01849986386
526354070,184481.8330593411
527106150,191174.5415891623
527127140,269818.51407797355
527140090,254822.42019880103
527145090,216049.22143617232
527165010,172120.29406146615
527183060,259816.07427784376
527214030,424430.5050873497
527226020,64775.44103852162
527252080,368918.1037213134
527302050,175775.38921586922
527357110,122319.22889792465
527380240,246725.14906298716
527402060,150567.6403365159
527450110,88245.93668013229
527450520,92405.15435375838
527451060,92431.24833571109
527451290,83713.49671159682
527451400,73668.86977097686
527451550,110584.67269862093
527452150,141345.54646800976
527455270,109017.15772527481
528104080,417540.67553062574
528110110,352885.42653946776
528118030,396139.57072519884
528142020,303810.2366674859
528166120,393145.0399548395
528178090,327895.8681759853
528186080,327964.1058868971
528228345,195809.6149071827
528228445,188071.1631290413
528235120,196285.75386856686
528240050,183192.30293098371
528280130,195570.98095723992
528326030,293444.8935073038
528363020,335770.3254582493
528363110,327827.2637089587
528387050,277039.7324186224
528431080,204696.52242718785
528431120,254941.35223747866
528458050,234048.34091129707
528462040,214784.80698249713
528478030,271991.60975885077
528478040,217614.2767416977
528490080,197621.33087590287
531363060,156107.43668795086
531373060,191756.21863255763
531375120,152892.00065471593
531376010,193485.1252349333
531382110,195034.4232442857
531382120,222333.690590674
531450030,187315.0025152337
531450170,178859.33684949874
531452140,149329.51421637097
532351050,110741.11071766201
532353050,142673.3643617771
532376170,105923.54269792643
533206050,186354.6361764181
533208080,150681.58013291378
533212050,153356.3571422529
533212140,151525.45333090407
533212150,151559.22670610572
533215020,263192.1836341847
533215070,251337.4291024105
533215080,279553.55068509676
533217050,147415.43615116173
533234020,218683.3132390128
533350090,330735.4659284189
534126090,186550.25096740437
534127230,173282.40597915265
534128050,180396.4607381361
534129060,193142.29468436577
534175140,142989.52558983973
534202130,138767.58814003418
534225110,135219.78793971342
534225120,135219.78793971342
534250010,117850.73066181868
534403100,140961.09030490217
534428020,119805.39312054179
534428100,138134.36116794246
534453140,91447.62726540831
534477090,159580.73649126547
535105030,146374.9502611133
535126140,208275.12432946725
535150210,142989.25514199425
535151160,159585.76175866037
535179060,167063.28415003984
535302140,121555.16629930302
535305160,92893.14026995219
535327230,111990.50692524157
535375160,110401.97847125193
535402120,165528.23520450055
535451010,107502.457506076
535451050,114790.54491365093
535451230,107912.55392762259
535453210,150730.7324806463
535455080,118739.72879089045
535455090,123843.06592036439
535456100,118332.06095223574
535475020,168947.25541325085
535476370,177935.94666309672
535477090,110714.87588770218
902100030,25926.354245381808
902103150,87314.98881815249
902105010,71561.49694248699
902105020,235940.71819388174
902105130,64996.10576742752
902107030,128539.68826431023
902306120,121320.59420015548
902306130,157971.93655863835
902406020,115627.51873696054
902427150,115327.78116052772
903201030,111151.68674109147
903204095,112381.86897972776
903206070,162796.50318027957
903225160,111421.2240812235
903226060,143371.2796867454
903226150,124300.50519930331
903228040,154739.1958909237
903230110,98954.37349006944
903232030,92488.50569985362
903234090,128338.59461006087
903400180,150942.78839288556
903401020,190255.99765273623
903453050,146776.5527681907
903454100,142055.12334025855
903455030,120342.44415619539
903455140,127406.52785821364
903456130,137058.0784602241
903484020,153882.2261314551
904100160,123126.352095293
905104080,126053.19512013257
905202230,199012.35680187272
905300020,108320.44201198898
905401045,223820.14770323603
905426030,141756.76420141815
905452120,135437.96293373895
905477050,99597.32434078098
905479110,123976.76964336519
906223140,239641.82736157393
906380030,224575.5134800119
906412010,339115.10932933824
906420130,243931.6726576264
906424010,228937.10276164828
907135260,153601.7477083655
907192130,215307.5738273757
907196050,214865.32996512105
907201060,149039.19344182004
907227300,104446.56087541813
907251090,255498.0754252097
907255020,249005.16354917467
907255060,278298.03578494996
907285080,231343.99470884213
907290150,122241.17487956057
907295020,223902.31851267978
907405020,208213.8047791498
907418010,208860.39732797616
908103280,127716.15314213053
908128050,143382.71091787211
908151040,146473.81240389208
908186040,97566.9331568131
908201120,94399.18236480348
908225170,84227.00698378823
908250040,101897.96415400747
909101180,116404.56115761246
909131170,151094.36251416118
909250230,162149.76223682245
909275050,185282.70519915118
909276170,191439.31673203714
909281110,271096.7627817753
909425085,251958.23721123204
909428190,241038.47878051683
909451150,147785.63420825696
910200080,108205.2241445056
911102090,124499.2242468385
911102170,67925.33453452085
911370490,324805.8399511436
914476010,179468.32719586432
914476450,180076.72614726776
916125425,221533.76863465022
916380060,276477.3146048497
916403230,185461.20323707236
916460060,239241.57358696745
916477020,270920.45801352424
921126030,264551.55587164976
923202005,198037.53644365713
923203140,177111.70323000223
923225080,98239.44112149623
923225370,78162.63766355047
923252100,125839.58658622211
923277040,134870.77054400122
923426010,120537.0108512584
924100020,183329.2741300955
526352080,182017.42013044367
526352090,147675.4197318406
527110120,191965.5989799988
527158090,193017.58120093337
527162090,164073.3628125822
527163080,148932.241980406
527165100,163487.49443596712
527175130,153804.15046677968
527182170,242215.4347481495
527184020,234685.0832032572
527210060,382136.7417421335
527226040,157117.23212367715
527252050,336502.23571486503
527252070,299045.42599576776
527301080,189087.61504744086
527302090,196646.84331695802
527325110,209970.41379492905
527328020,134038.11695701213
527359010,180511.32964345117
527359080,207645.27408592994
527402240,206181.98677032784
527404100,110664.86123591216
527425140,103331.01168013009
527450220,94473.88778856426
527451170,128577.00878013679
527455030,144120.7008985076
527455250,136057.75146569317
528102120,295507.195548163
528104010,319285.9362585534
528106040,401210.45381606836
528108160,289807.7888762625
528110070,291821.61738817557
528110100,382648.6474414825
528112150,261586.44322251968
528118040,393593.3929789794
528120150,321099.9619562793
528144050,310193.35174590285
528150040,397228.8879421849
528168040,296046.5743613559
528172050,256901.52813446987
528172075,267044.92684554064
528174010,195274.27182764758
528181080,215434.21975540905
528186050,336419.50221906276
528186090,336174.21211301483
528186120,352207.3816821049
528188160,210552.83586964573
528218020,180682.68722852724
528222060,181193.22458169615
528222090,192174.3357295251
528231010,188037.9851198873
528235000,203036.92790324934
528235160,206394.70907524548
528235170,211372.5680420082
528290170,189562.66419103986
528320050,544784.0133117741
528327060,477620.30636314047
528354110,299836.3917542684
528429090,344211.1482837285
528431030,243992.04438584007
528431040,421950.6257213827
528431110,288628.3917914214
528435070,242758.89675161487
528445020,237741.94995915255
528456190,226356.88065207686
528456230,206230.50412255106
528458080,240857.90637192113
528458130,289469.38293233176
528477020,239003.19305787256
528482010,240048.02240148102
528482090,280230.9845287199
531375140,148495.04699386336
531451150,112957.68453696689
532378240,107589.55475302266
532479050,121798.093881058
533120030,380120.2611184069
533130170,328657.4388380835
533208040,181188.09140847612
533208070,160216.97248038623
533213130,158269.2540135213
533236040,163893.41967533366
533242090,289778.4732464923
533250190,235072.5836973052
533251110,323242.5532472548
533251130,169825.1290253805
533254130,183499.28634206866
534104090,232547.89862768474
534125120,150218.52945885307
534178010,130746.44947289201
534201040,141080.93374417577
534202030,134494.2216512374
534252110,132800.23270454747
534275170,140107.7540520211
534276180,112181.58135169519
534278170,133686.89362278604
534278190,113496.19982944122
534403290,217736.6110953614
534403420,150721.34990358222
534425080,155881.95289084324
534429030,98800.27463741905
534431020,97564.7567584017
534450090,30333.432939887396
534453080,111008.78365774686
534475170,180840.33003974336
534478140,83300.1736631937
534479120,114610.25613526629
535101150,137796.09204762348
535105110,135701.94704006682
535106180,130836.64046826899
535151100,129713.32772099745
535151110,145850.33375755418
535152060,128092.24551662334
535177110,135207.4592307244
535181030,123301.34988354507
535181140,151575.67481003646
535302070,124173.59335734948
535327200,119699.34716224657
535353160,120826.391323594
535354050,118480.76243632691
535375130,89922.80476613437
535378080,145924.92580483336
535379110,154235.41849243443
535382150,79521.6216815703
535450220,99134.39180052673
535451040,122984.66122076276
535451110,137225.31743882282
535452060,125815.23210884401
535453080,150520.3020578105
535476360,200885.88414961277
535477130,165601.5909398949
535478040,137517.47947770747
902105110,124854.98969436243
902106070,101961.87827332727
902110010,107911.36912829494
902202070,90573.10150101081
902301030,118781.72311430538
902305010,118898.71480339527
902408080,188951.88319160664
902427040,90887.094215898
902427180,117989.36209206938
903225040,134297.44318584044
903231180,133527.18396596648
903232100,121726.61722225304
903426010,150136.22950233193
903453080,215938.095024467
903454010,133477.2335663014
903454090,113748.63282565611
903458060,157438.78486736194
903476100,45046.00110261288
904101070,231020.94234441116
904301110,108613.99832231575
904302010,106021.74587805865
905100080,177600.75894433868
905102010,153256.97331612837
905103110,126092.5936765138
905105040,109959.02318801839
905107140,154527.91554038887
905201080,184045.14457512068
905226080,146172.49476735436
905226170,140649.02170948905
905301050,274051.12808574067
905376090,126798.66472629603
905478140,139582.58592023142
905478220,139213.84301887784
905480090,114614.62335554685
906201022,189704.43918104784
906201023,224719.75137950788
906201200,220914.12139439367
906380040,236231.48821555497
906380120,211368.1584874452
906380160,186530.03380139393
906394050,184320.36795766334
907125040,154882.1517116125
907125120,133386.39368564662
907135180,143836.48381734846
907180040,212169.61479369455
907187040,218714.2201308343
907192120,207960.04473790963
907192150,192790.18040417516
907202220,188315.43156249938
907203060,131565.82530643768
907260040,199184.84903091483
907275080,231152.25185329543
907290140,122241.17487956057
907295040,230960.47635582255
907410020,193578.06279365523
907414060,197446.7208288683
907420060,189073.3310551733
908102100,116553.91349466107
908127070,121186.03862837603
908152070,148618.21787997877
908152280,166887.8997827957
908154205,529324.086210569
908225240,73041.30261584495
908225310,80893.99205642904
908226180,69001.21486781363
908250100,83270.44413338647
908275090,112192.79724755762
909252010,154619.64370793948
909252170,137534.08772371546
909275110,187042.23871116224
909276210,164966.05600046777
909281020,143824.81283894452
909428180,175900.66015896172
909455060,147389.60855301074
910201020,84516.33291298666
910201180,148092.14797486903
910205130,133635.52025629827
910206010,49129.393408656615
911128010,112548.80861066017
911370460,257374.67901703002
914452090,184001.14847474408
914452190,119471.33129389441
916384070,249821.78199641517
916384150,250080.61437443862
916403040,202827.1824656868
916455010,246980.92940973927
916455150,269598.5629503404
916460020,217148.99150956568
917425190,192488.5832456063
921205070,272557.58162340155
923202134,123198.0236597903
923202220,145000.79509396758
923204140,137766.2933469675
923225050,123046.15397537386
923228220,72256.86468873668
923229010,134744.53414751214
923230180,135458.27007440082
923251160,110242.1021606913
526302040,137880.12171076742
527108020,232613.82342674967
527166030,181934.3225583339
527182020,212391.23515473402
527190220,273854.63585408067
527210040,540473.6032464763
527210050,400639.6798716772
527216050,516965.71019792673
527252090,335947.40360203164
527254070,309981.87962362566
527327080,165523.24503467468
527356020,264543.0024568179
527375160,185336.03282827573
527376110,168570.83553633143
527402210,130040.36194085059
527403120,82054.7306907557
527427210,166127.95713648648
527450080,111053.22484194074
527452290,180378.06481906248
527453070,152906.56868671844
527455100,133101.2390250953
528106010,387087.4238193154
528106120,267506.6236551042
528116030,347465.5005907795
528118010,342240.76774202014
528120140,394861.9198482352
528142070,341831.91804837674
528144030,278672.0634622716
528150080,393219.9857510993
528172020,273444.0262876783
528181030,211000.77099515582
528181040,211000.77099515582
528186110,354740.9550437124
528218060,185505.67426917612
528218080,191659.59422901514
528218140,211661.48685193708
528221010,186399.8908290377
528222020,189807.7072415427
528228360,205572.25171639584
528228565,183504.54241823545
528231050,148151.473706944
528240080,220557.18099801263
528275060,173272.8940362799
528275080,186526.53396172123
528280100,202662.58284565085
528290140,189598.16396282497
528294070,222244.93994333385
528315070,290978.6418374062
528320060,506796.44958984444
528358030,325601.4092584924
528365090,321343.20925856533
531375070,142681.63423387805
531375100,176114.96680761228
531450040,165301.92351563007
531452100,130375.70896094084
532353180,155719.47937391856
532376180,98144.23520643519
532476050,276278.4767726055
533110130,275860.35073734657
533128030,287443.74116352
533128090,289999.6032002329
533212100,139215.84718017463
533212110,136092.76138704104
533223080,155535.5918487917
533241010,213755.37546627648
533242030,227903.44542949955
533252020,198524.07793986023
533253090,206243.36646237844
533253160,187142.52512002367
533350050,326792.8608632467
534127190,275354.4544351454
534129230,177179.0405636601
534176250,132501.345896901
534201280,126207.1429318591
534202180,134243.14901585324
534250300,192851.45459120977
534276230,136544.96117208432
534403280,157800.77622029086
534403440,133461.14726783134
534453150,132018.7219236325
534479240,141599.73426524916
535125060,210294.48272390084
535150240,112347.51132533193
535150300,266468.24698290013
535151130,125171.23950185107
535178100,140938.63432156097
535179050,133919.10100759767
535301150,151791.65706934928
535304020,134869.01298672237
535305120,161802.85106967998
535325460,224497.92043641873
535353180,219738.9928963945
535354130,147873.31740790638
535355100,120271.63111224424
535380130,103449.4716410081
535381060,72306.37299878786
535402100,124692.42573333609
535403150,149987.55168432204
535404080,126026.11754484197
535425040,204553.8753626671
535451190,118239.01238638815
535454030,73910.65539890708
535478010,143772.09397430628
902100130,94820.79417356948
902104020,127756.62119398214
902106040,164566.58611717273
902110120,135958.9848373272
902128100,98366.02265374393
902325050,163768.2461577642
902325160,81558.35383378626
902329070,107624.4291068706
902329090,171422.96125213464
902456015,34083.42143905666
903200050,66649.97222004143
903231190,103376.03981111456
903232170,61346.6328656243
903235020,83699.01906976511
903236200,103028.05487954633
903400030,84105.96074563486
903455090,118866.53985146694
904100090,171224.97429618298
905100030,124774.02260455476
905200380,111360.76678441587
905201090,159921.3253877696
905351045,243260.91600586032
905426100,178233.07858247374
905451050,135205.8508920567
905452150,139088.3573690642
906204180,209739.94501448038
906223180,229792.55996398523
906225180,219881.17751708068
906380150,176687.54088899746
906392120,283783.9569705015
906394010,218515.22914261176
907125020,143796.1495529659
907175030,212070.29499602155
907187010,207728.66058567
907192010,224717.63215125096
907194130,204918.6897075069
907201160,154927.2918673763
907203010,125969.97273267529
907227090,141114.5283592972
907230240,127457.22958484608
907290080,220251.18153982225
907290260,273775.96456286794
907410100,188881.5991810584
907410110,216281.9190709357
908102320,116990.39051608968
908103320,116328.65951821924
908127050,126705.02406277996
908186090,134255.12277082086
908188120,140717.86547896985
908188130,136426.8987807135
908227040,26956.587223540846
908228040,119277.62462567395
909101050,105199.47638094318
909101190,118805.100765
909201180,87841.25422881852
909250200,153610.1044194881
909254070,173045.23327898083
909275250,163577.5246057678
909281010,256547.5543706541
909425120,185673.66826074218
910203230,80560.29386654965
910207110,102283.5091605641
910226060,164228.53262728156
913350030,209494.5650351979
914452060,154920.15730548083
914474020,234833.8925912208
914476050,137973.69087993712
914476500,186197.5657370401
916402125,190546.21063961042
916403020,248662.03739353566
916475100,285435.26817435207
916477010,302098.72981770826
923125030,53790.44951867088
923203090,161465.09413773718
923205120,131162.0708771345
923225240,126476.89811689484
923227100,146076.1549746295
923228310,76025.29862938673
923229110,157656.9893551255
923250060,201431.99377585555
924100070,188915.55954301325
