PID,SalePrice
527127150,226731.68124691516
527162130,177965.46915624436
527163010,169782.63530745648
527182190,226098.64757936934
527216070,488595.5809552929
527358140,205426.94650541386
527402200,129939.92319826546
527402250,142979.322438433
527425090,96664.87193085492
528181050,204178.70650661745
528218150,174722.24506423293
528240070,215200.8767547747
528250100,156268.9942409227
528358010,249487.89102273353
528382030,222605.92274545264
528445060,234512.3095111464
531367050,222291.41052380306
531369060,184105.22212984727
532351140,152806.31315684854
532354090,155661.4990876133
532376160,117064.48547541568
532479070,170448.33836470492
533212060,159641.59884050727
533221090,165572.74948888578
533238045,289655.2565603156
533244030,217796.55884464685
533352170,170353.89916390608
534152050,206388.7777173371
534152070,221748.58097648667
534202160,153557.2431576938
534251320,182443.32189976503
534276360,109740.21597072003
534425310,143785.10386054651
534427010,165186.7203850124
534431050,234686.31049574842
534431070,155825.77175732594
534479320,139909.32792612474
535106190,182736.12103183015
535152250,138058.81859956967
535302080,121337.05685994547
535350030,118693.59508551194
535350040,110019.35755487849
535454070,148966.83573559724
535457090,135563.91712305794
902102100,118024.65317230276
902104060,81212.1992740878
902110090,125555.48554139094
902125080,107099.08103792483
902206040,138073.06428619215
902207140,96857.82317350073
902402010,129472.88499800372
902402250,156707.96784175924
903206120,179118.70239941057
903226160,101688.59362744467
903425110,139377.19415285255
903430080,101681.967007184
903450110,103845.85265396397
903454060,54982.64981149585
903476030,137820.5430221929
904100140,204399.43324521207
904302260,119845.62216918363
904352190,123880.33229237636
905105200,114679.9567473073
905106140,127232.24284565862
905109130,279051.16020622826
905109170,240609.03047610176
905325030,231054.14093387668
905352140,222508.60441691722
905451320,134815.88153131353
905475510,118630.0645882124
906201120,247678.92310458366
906223090,232571.9029916549
906380190,184456.59759322993
906385020,207917.20098295942
906402200,343844.53564435814
907200280,143674.82728046345
907203070,114271.70348935624
907250030,301183.9111538486
907290040,204414.76077755008
907290170,154413.03944747974
907414030,177819.61631551903
908102060,57396.83694893122
908102110,83124.121894101
908103350,123104.87653048395
908226130,97148.22943085639
909100080,128505.68895957929
909101070,68531.80354370744
909250060,190400.6606029166
909428280,297185.3372330223
909452114,209684.5235319587
909455030,197867.03667620898
911204090,97012.5474552646
911370510,288560.6966815472
914478110,201350.60485901777
916386020,195188.59882684864
916386060,142693.2595135725
916386090,324200.8779675494
923205015,143637.34054359217
923230190,118657.66509962965
527105070,191811.28258188357
527105130,288723.6993773118
527131030,266106.6119371726
527146010,255030.433519136
527180100,163609.59625665954
527276160,176186.25632812476
527301320,258063.1125763429
527352150,185346.992272722
527375180,143402.92496090225
527376100,140774.25594582467
527378140,171854.65586460743
527405180,95082.01485189956
527425110,118187.63734851756
527450280,90019.9949482457
527453060,146578.47803366205
527453140,133303.68979966047
527455050,147080.26111530664
527455080,151951.27482809796
527455090,121843.00758614767
527455280,154096.77716933738
528102040,441859.0756142038
528102140,437473.23363026703
528108040,410675.78745739884
528112040,322209.5498747992
528116010,335320.4033045471
528118060,338109.87312236207
528120030,347740.7082862707
528138010,359255.8992456192
528142040,339404.26605825685
528142090,287622.7923183867
528142130,274060.3688215857
528168030,289845.3024992801
528174050,203434.81659655657
528174060,198139.43393219495
528218090,178213.1051450028
528220040,174833.41700745703
528228295,224687.61425501527
528235010,182511.1289191471
528240060,190554.93970841108
528250020,192183.1723116618
528250040,174601.26598045556
528275070,221615.2356178316
528280230,208154.6457835865
528290030,170722.75412127175
528290120,162470.96867545112
528290180,165912.57474278135
528292030,267299.2020167662
528292070,223308.44314800366
528294050,146509.77966903432
528344040,343008.8783516969
528365070,334805.0522771621
528431020,247030.23987445532
528435050,279980.4475902915
528439060,235282.03655570972
528441020,222695.26744683995
528441090,432794.0264996871
528456180,255302.27653281117
528456220,205383.30235403485
528458060,188832.33470234546
528458180,209776.26512180545
528477070,268720.2106324231
528480040,244740.6320920709
528480130,206296.9474419655
528482040,268445.7088285555
528490070,193557.16415658445
531363050,131320.93051349657
531375040,164881.0140321163
531375130,156401.71107840404
531376090,214817.74726174958
531379050,233167.7625413444
531385020,180042.8272996022
532353020,108207.98285409839
532354230,113899.155530365
532377130,129278.51419007123
532478020,327453.31871436967
533213020,204666.7532354081
533213040,170363.91062055234
533236050,199695.28103230637
533252040,296952.46358096483
534127130,162208.16110983153
534127170,170040.84005407756
534128020,222010.81080484216
534129080,209098.4477113601
534152120,166059.04554318584
534175080,218517.93102230475
534177230,217071.7071750599
534200030,114805.07679429791
534226120,106583.67705263136
534251030,192386.81229928395
534252240,159367.71605665915
534275060,109197.48743034368
534275100,94289.14260856973
534276040,106594.08236248823
534400290,147309.91425762948
534451110,119107.26123820522
534475185,160704.6209208909
534476320,121924.69980312246
535126010,221329.40774855047
535154130,140133.34046037606
535175030,166610.95131502007
535175050,144647.4564834658
535178040,126303.60314195338
535179160,125542.28633713789
535301170,173519.90991621272
535303150,125429.78865716289
535325290,104742.40208326958
535354070,118870.33292433397
535375050,114818.34465336337
535381040,165386.71239376452
535383060,42051.723913293274
535403190,143694.13168644492
535450160,75631.31222962699
535453200,151107.55882453552
535475010,163082.23995462485
535476110,140050.5264179851
902105060,110420.50640852086
902106010,132093.96431943728
902109130,86709.58450000174
902134120,93911.15986649913
902135020,91307.66033531466
902201110,115991.53440412595
902300090,105460.37040875052
902301060,123313.3374521969
902327070,155410.4202747944
902329080,129617.22273196335
902330040,198694.6729312152
902401130,151146.38362076
902402150,102359.45387112472
902405100,182617.527946729
902406070,150731.65499315146
902477120,48781.506080877094
903201020,133783.45808193664
903202170,129433.46884093693
903226130,125519.0211466189
903230100,127089.65079169843
903231010,133036.01473121386
903236040,116541.96874236384
903400220,177667.450821568
903427120,135707.45775785838
903475100,129557.89483311978
903476090,148127.24244305477
904100190,70290.03160981151
904301070,172818.11918531332
904301375,59827.69358674233
904351200,120094.41049037853
905200260,144682.769090713
905200350,131850.2828424998
905325020,242582.39844812948
905451300,114520.56278044237
905452040,134632.94824335625
905475160,111446.2340604129
905478030,153765.84580251825
905480030,115436.03613039693
906201050,178930.12639918696
906223210,241074.77052146415
906226060,155168.1615998775
906226080,157645.83778001397
906226090,155014.0847899843
906226140,117507.45618526611
906340100,392108.9868151361
906378110,231224.3066642148
906380060,291319.9422123051
906380100,278498.86125554005
906380220,234602.11908417783
906392130,174311.73691878223
907126050,148737.73351621264
907131090,193143.3211336657
907131190,203202.05734359229
907135040,145829.35877608164
907135170,147034.57222371653
907185050,186002.6979231237
907192030,179598.36878327536
907194110,185652.61994788173
907196060,185983.65180398163
907202130,149043.06313477797
907227080,126853.86776989745
907227110,126659.17785258054
907252060,239224.94375878636
907252220,254969.77595803284
907265010,201761.08262034203
907275090,215685.29344067504
907285020,234113.5131690725
907285050,181605.4648727619
907290070,167645.0641069655
907412020,186383.13298369775
907414080,172033.0428996377
908102050,107075.76713093655
908152100,122824.35350616106
908154040,328867.2819198419
908225370,95731.27806905837
908229020,47904.09785701867
908275040,118462.11932438891
908275110,159299.53947728808
909101010,119599.61191769174
909101140,144229.45013311986
909129090,114440.07457186657
909179020,252485.3939135712
909251170,152476.97896105621
909253180,115242.2246088919
909279010,225283.6388791718
909282130,145874.13018631545
909427200,155420.5661110526
909451040,99293.78399440434
909451140,116983.53160075578
909451180,123832.85200724812
909452050,216917.88790667785
910204050,149824.0701121639
911104060,65003.923616206084
914475010,132660.15332262655
914475030,172966.58254012107
914476020,142120.16465129546
916386140,218378.54529802338
916403010,179437.28434751366
916403250,222488.72499797968
916460110,183291.9480302397
916475040,364406.0115599211
923203110,181139.99788839297
923225360,78084.95310348763
923225490,115235.90485856941
923227080,153740.73529448136
923275040,162941.78712250743
923276260,134178.1779262891
923400025,177065.55387981603
526351030,184167.19335850512
526353050,234522.04699376566
526354070,184216.25226070895
527106150,210874.8945982372
527127140,288572.23611309467
527140090,233114.63975176634
527145090,189329.49160489734
527165010,185535.41128476892
527183060,228326.47952707126
527214030,386034.43575887405
527226020,197782.714462379
527252080,339584.77757419064
527302050,177337.72349427352
527357110,125177.49522681971
527380240,291016.3872561027
527402060,123848.90800681492
527450110,90169.84832673668
527450520,102202.77410138643
527451060,95178.89498208188
527451290,89193.7586933454
527451400,114945.39971624441
527451550,112786.12761578728
527452150,119640.56029404222
527455270,112972.22677842752
528104080,422607.59246557276
528110110,390563.0457176517
528118030,394793.07403593784
528142020,262140.7400359441
528166120,396160.3762014477
528178090,329400.34230760165
528186080,300896.9044447729
528228345,230737.4657481499
528228445,178811.12413580524
528235120,172525.74868203583
528240050,184427.15826192664
528280130,173704.47852441922
528326030,296161.5963145645
528363020,310896.6467108713
528363110,362496.9246921259
528387050,281402.45398037205
528431080,216166.15910906147
528431120,267780.39687636425
528458050,206443.42946505753
528462040,195968.83924303672
528478030,259765.72084762697
528478040,231991.3072930216
528490080,193345.8176752959
531363060,151437.755587899
531373060,187582.76030772756
531375120,167813.2911478923
531376010,168592.95621011296
531382110,194162.07642386435
531382120,209451.45777900383
531450030,186138.73871616676
531450170,196171.56585070252
531452140,167415.37168315775
532351050,107725.87144010952
532353050,125949.43096965255
532376170,119170.10597381649
533206050,169912.719130152
533208080,162037.96911413537
533212050,151212.6613490433
533212140,149652.60536372755
533212150,150062.6066615791
533215020,267652.1761684067
533215070,261484.45594541833
533215080,258643.89655875397
533217050,156770.74515949833
533234020,213889.76025269518
533350090,369473.58410987805
534126090,172575.85548078077
534127230,174946.85735331342
534128050,156287.0434638246
534129060,193324.10607645233
534175140,143513.0818122737
534202130,133340.83353729383
534225110,138495.23574787442
534225120,144698.32249718555
534250010,145735.58045925072
534403100,167944.31983772854
534428020,111687.25376353136
534428100,123462.14569905128
534453140,77224.67492475333
534477090,143344.67687812835
535105030,129776.30755246311
535126140,219516.91518363165
535150210,130892.79447735136
535151160,138187.81861513574
535179060,178221.1420722749
535302140,110475.70777816696
535305160,80211.70171134558
535327230,119628.37816605077
535375160,103048.60814854968
535402120,172528.4184232073
535451010,98163.95085482192
535451050,91877.01661551774
535451230,84788.1293991839
535453210,137511.00038631447
535455080,110838.3746962105
535455090,134430.843627494
535456100,90476.35268131371
535475020,176540.31128726207
535476370,182427.54631985698
535477090,110920.63882446194
902100030,88633.26286850296
902103150,117723.89874701874
902105010,86243.20785481206
902105020,224552.41434611246
902105130,68771.76755039816
902107030,137947.24416642525
902306120,134239.9725232313
902306130,140335.01964332524
902406020,98565.56522739821
902427150,111567.77221962817
903201030,133888.97971237244
903204095,109602.11265515439
903206070,144118.43228554353
903225160,113761.25492251203
903226060,167890.08203150088
903226150,96289.28210582731
903228040,139515.24678407764
903230110,94986.39924537095
903232030,91862.58098671417
903234090,130262.91491393972
903400180,164634.6013309008
903401020,161492.4253638144
903453050,129018.32343262614
903454100,153829.35785238634
903455030,112087.41619510137
903455140,115786.34552988541
903456130,104747.99993329916
903484020,136527.54231043963
904100160,109832.44512021582
905104080,85771.16849243338
905202230,176306.99463837253
905300020,155818.14392952944
905401045,206819.28891095723
905426030,196599.6585808543
905452120,146924.20353247103
905477050,136715.26359192014
905479110,130606.23913845677
906223140,233030.35994531185
906380030,235480.1103960381
906412010,397928.8815933784
906420130,237980.07303870647
906424010,265051.43955249747
907135260,148902.98584293167
907192130,207659.94905807366
907196050,206357.1042991057
907201060,137137.62517678016
907227300,115957.62424355152
907251090,244818.6821618513
907255020,246771.5019809161
907255060,307963.3080090779
907285080,214293.04203585736
907290150,152156.31391425728
907295020,220425.11656799458
907405020,203473.66164884713
907418010,215189.8712883646
908103280,142574.71076581272
908128050,140686.65297619125
908151040,132385.09305249937
908186040,147420.49898223623
908201120,126953.26162474163
908225170,95526.18170152082
908250040,98002.06117150224
909101180,120694.47203762937
909131170,120833.24228434337
909250230,138517.55240949735
909275050,161230.8415412285
909276170,196274.91059530716
909281110,224526.32043524645
909425085,236846.0981520144
909428190,231415.06845559337
909451150,134298.89201475892
910200080,110358.25370029938
911102090,92734.70193678682
911102170,93453.81138722946
911370490,320663.2996357726
914476010,155251.19029880821
914476450,191047.86570273837
916125425,273975.4585523685
916380060,280196.6632569553
916403230,176744.60369626852
916460060,218705.21509159842
916477020,299797.1700081839
921126030,250999.95261680376
923202005,211475.31531588925
923203140,180112.66900178074
923225080,102994.06792581236
923225370,81314.31400045534
923252100,126972.8385420919
923277040,133137.29858255934
923426010,138033.24811850567
924100020,172171.07463792668
526352080,180963.5873520283
526352090,170228.08022394284
527110120,171914.58704076466
527158090,159955.26233791522
527162090,148869.82447054298
527163080,148277.3482624635
527165100,156254.8075595952
527175130,148511.36751650603
527182170,258257.4965802087
527184020,202659.7008155565
527210060,366643.7847121181
527226040,238397.3862948909
527252050,317767.46599296737
527252070,255963.44387288654
527301080,189703.93296387166
527302090,214509.66572272262
527325110,187908.5047020331
527328020,145317.9559960907
527359010,188536.5930103928
527359080,181564.28844858296
527402240,173603.62395335498
527404100,109920.05381857001
527425140,116279.22170615938
527450220,104971.01058039394
527451170,130025.87866997489
527455030,141522.9769528729
527455250,129936.64878400127
528102120,283081.6791234104
528104010,346040.64568278345
528106040,374734.2535139646
528108160,284946.26099054393
528110070,291151.85504211823
528110100,375518.57699547475
528112150,246854.63507053396
528118040,373964.29534392897
528120150,296202.1170555607
528144050,346791.8718741823
528150040,344930.1732433452
528168040,280640.32156600873
528172050,253096.51914363616
528172075,258339.53683324647
528174010,185409.04367489013
528181080,203511.48741341557
528186050,304024.7322893718
528186090,307146.3617028301
528186120,315450.81154628587
528188160,208261.03460954467
528218020,175341.9411170559
528222060,179892.29541775008
528222090,180389.2631360092
528231010,242346.75721482493
528235000,169428.59152404286
528235160,209440.4146301273
528235170,210877.81293909863
528290170,172297.216141883
528320050,597481.3469063127
528327060,534517.4723177338
528354110,313150.6115035311
528429090,326061.80294173455
528431030,213104.30247505204
528431040,483803.36046914593
528431110,284869.6335319405
528435070,246067.09423531196
528445020,220660.1707058787
528456190,205359.9061284955
528456230,189235.90839786653
528458080,237712.52470995794
528458130,289464.34936750296
528477020,239613.7076394867
528482010,250664.64355761383
528482090,280611.1497309388
531375140,162485.8736804623
531451150,132908.94241819473
532378240,107942.22614608244
532479050,136162.96402829947
533120030,320465.944244983
533130170,318801.9063382776
533208040,215349.9880366521
533208070,170838.81221461532
533213130,157365.0263438365
533236040,176918.60935939098
533242090,276912.3509505806
533250190,250520.91040420812
533251110,303560.4296998809
533251130,196002.43572686837
533254130,181846.38226569802
534104090,226174.77645031293
534125120,127963.05717872683
534178010,146303.98241761464
534201040,137330.48438748752
534202030,137537.01033652457
534252110,124825.75851190029
534275170,121608.66275661485
534276180,128537.31465069801
534278170,124616.20817353902
534278190,96880.05867007247
534403290,197959.09195755067
534403420,140129.59139131755
534425080,168538.6267599715
534429030,103339.45729397536
534431020,97736.45322246775
534450090,20471.402637628285
534453080,100958.54562716553
534475170,185884.71874774835
534478140,137788.42905122507
534479120,128939.4156645503
535101150,157823.58709383037
535105110,156657.27527908326
535106180,145270.47820686427
535151100,121151.83329637648
535151110,127928.93162685377
535152060,124158.26285173824
535177110,154135.8734087429
535181030,183989.03992185913
535181140,166673.73247034548
535302070,119084.78148678431
535327200,114945.00746164979
535353160,134824.3915802093
535354050,115220.53458570625
535375130,91538.2795908104
535378080,128320.06170352093
535379110,125378.51508316075
535382150,45807.84198118892
535450220,119209.92985614442
535451040,105481.35243647953
535451110,123042.42846568777
535452060,110508.11325670294
535453080,139385.65032370848
535476360,198762.47065664374
535477130,165390.0047540515
535478040,123949.45150772198
902105110,85544.6325202555
902106070,121073.7033304958
902110010,80301.76303072699
902202070,124220.50216918507
902301030,136238.72793562207
902305010,151083.6089569739
902408080,214277.50982661796
902427040,110951.37001291614
902427180,118460.99405942169
903225040,126430.84204783621
903231180,120981.91429701526
903232100,128021.9031117296
903426010,159797.56952735945
903453080,220879.99543903378
903454010,118188.2510419182
903454090,133145.10657516844
903458060,121162.92850783837
903476100,70656.77131155173
904101070,265872.1247319585
904301110,98730.80850430219
904302010,99111.07024623344
905100080,163299.0797600058
905102010,135689.8543499865
905103110,138944.50329094153
905105040,101123.6508659792
905107140,129915.43245052706
905201080,164346.97813096805
905226080,157429.82669481696
905226170,146159.97479962654
905301050,353091.3307438961
905376090,138977.52838625945
905478140,130550.04931925147
905478220,157744.058457124
905480090,78030.95363421936
906201022,193221.70809523767
906201023,250018.68033338114
906201200,255038.08930755226
906380040,255830.85502937913
906380120,204678.40485084945
906380160,192939.53834330724
906394050,171337.88405043693
907125040,154092.3639114888
907125120,135298.380118014
907135180,128131.3763834151
907180040,201584.2953726053
907187040,215984.7954962008
907192120,211760.67578981
907192150,182063.531146943
907202220,109542.56373384854
907203060,108563.03202940054
907260040,181408.8628432934
907275080,244151.68888434453
907290140,151478.8489113888
907295040,227431.66872591304
907410020,187004.15156242263
907414060,179290.57799895434
907420060,180419.8133843102
908102100,129030.3124767512
908127070,118633.72417186799
908152070,138949.01522458435
908152280,166279.76763043812
908154205,695442.1082659282
908225240,100569.46402495274
908225310,73458.70555495829
908226180,66560.84119042679
908250100,92886.84851516098
908275090,107081.38995813004
909252010,164404.44646387914
909252170,149950.15460406456
909275110,179206.96846589982
909276210,161234.97885657512
909281020,145855.04562602215
909428180,200838.10719355047
909455060,164098.46510239015
910201020,83968.47658669333
910201180,140803.82513975492
910205130,132292.7212156908
910206010,60994.97287409473
911128010,98612.7121735486
911370460,288461.29826437123
914452090,171875.02662264954
914452190,147981.10660113493
916384070,245575.56949522032
916384150,251708.74979473627
916403040,149349.09369495188
916455010,204926.78903642442
916455150,310726.7870442996
916460020,178218.97065026383
917425190,254580.95970736936
921205070,285188.2239566819
923202134,142855.01339399823
923202220,175175.68940370865
923204140,167853.99922491086
923225050,120127.69194183066
923228220,72485.14862042275
923229010,154261.10337458912
923230180,118118.1973784477
923251160,165945.3580290677
526302040,155926.18017042713
527108020,233215.65599018353
527166030,174882.07380508177
527182020,183329.65528708205
527190220,265323.3796393724
527210040,557297.8540600843
527210050,368945.8156475418
527216050,527775.9091930112
527252090,325466.0267891869
527254070,329451.6837916891
527327080,176028.83129787975
527356020,291979.35232250945
527375160,201178.09176329264
527376110,166668.3500992357
527402210,100422.88777905708
527403120,98589.3823327619
527427210,187798.11896056423
527450080,110409.16147627786
527452290,146141.15188346466
527453070,123588.01963455096
527455100,135857.72374135008
528106010,367469.79712030606
528106120,249235.11323988583
528116030,354152.73380552034
528118010,332639.6322628483
528120140,361244.3368221517
528142070,328754.51016097155
528144030,296898.91712554626
528150080,376697.02370071446
528172020,262610.1709735505
528181030,196011.72105982222
528181040,195854.10263635567
528186110,311559.07461134234
528218060,182275.92950478435
528218080,191574.2367289577
528218140,239036.3886613343
528221010,187076.9855184773
528222020,190448.66712825192
528228360,201369.5580062426
528228565,195971.73030380128
528231050,191930.47609671534
528240080,212658.8762830021
528275060,156985.31235526208
528275080,187245.62755744628
528280100,192629.6243749953
528290140,182147.6408336319
528294070,218847.24211402162
528315070,294180.23695484886
528320060,608623.8383216826
528358030,334587.42991572234
528365090,316319.07797909924
531375070,134690.38909383467
531375100,185236.42634264776
531450040,169115.4636582476
531452100,150383.60232406418
532353180,146813.51152221276
532376180,96774.3522657269
532476050,287781.4024372946
533110130,265767.16437911324
533128030,257640.83134759354
533128090,286267.4042591215
533212100,144984.7047116862
533212110,151917.99193599375
533223080,168012.96252268224
533241010,182998.9882863815
533242030,204094.07454999103
533252020,171298.51030997248
533253090,200974.69818672666
533253160,197844.30510626495
533350050,386773.7047262009
534127190,233055.00066287286
534129230,177497.29897066136
534176250,128897.65392107397
534201280,139387.43894602646
534202180,137012.88240108648
534250300,194512.62633862696
534276230,166737.3436782855
534403280,167865.7379164684
534403440,139517.45978261228
534453150,117532.12750026108
534479240,133900.9460671078
535125060,233666.98659372813
535150240,121335.717304695
535150300,287728.7007003665
535151130,139987.9643966033
535178100,153496.42378273202
535179050,128299.44801335753
535301150,119600.96739713331
535304020,131425.21185851173
535305120,160643.92061181914
535325460,226483.12019402802
535353180,251186.56349467323
535354130,122830.79956794647
535355100,119440.41841642113
535380130,112124.08013946742
535381060,96432.16312212948
535402100,154586.93939461067
535403150,143768.19867879117
535404080,95700.62339249367
535425040,187881.53006881947
535451190,83469.41180098997
535454030,75302.18763768875
535478010,131305.007390291
902100130,100921.2345754348
902104020,136265.55128701264
902106040,170758.91721285402
902110120,137563.28394879668
902128100,91901.60576015557
902325050,171778.66509326326
902325160,99244.00430392972
902329070,113044.82183510701
902329090,145096.78969144978
902456015,54800.577739527216
903200050,74183.64520632778
903231190,117882.82633854292
903232170,59193.22398826822
903235020,104537.50619352148
903236200,83200.01360072452
903400030,93322.3427591627
903455090,120964.53068979523
904100090,183583.09492811034
905100030,129481.39930828456
905200380,103754.25236362926
905201090,174810.46997087655
905351045,181822.08263375648
905426100,199654.7783365989
905451050,139607.56258773975
905452150,142868.61125740732
906204180,236566.48976396222
906223180,229510.47426391538
906225180,194118.47367969312
906380150,162914.73088371725
906392120,306298.36096421984
906394010,224624.7982471598
907125020,132552.9016132612
907175030,222116.6369451981
907187010,212611.83645051488
907192010,215493.4495124861
907194130,194324.11961110105
907201160,151183.40430677834
907203010,113645.4491212173
907227090,113092.06458969477
907230240,149512.6052760543
907290080,211195.8031714855
907290260,246794.840799829
907410100,185119.06507157735
907410110,226554.31643407053
908102320,156454.55617756108
908103320,136171.33057370724
908127050,119247.13760550517
908186090,165074.07402197222
908188120,163920.04696619388
908188130,157698.85992610196
908227040,76101.14678175976
908228040,105820.20437804618
909101050,103827.49100467609
909101190,149270.3756534838
909201180,114142.96244595839
909250200,104201.08229756549
909254070,161804.49229451266
909275250,149441.4996531659
909281010,235998.681130715
909425120,202113.0044548069
910203230,67177.75601242928
910207110,76354.6481095987
910226060,138240.01360081512
913350030,203197.17522430173
914452060,147466.48101843984
914474020,210750.09866238263
914476050,157686.57749664356
914476500,217712.94973504898
916402125,171163.6498663574
916403020,176472.1018602648
916475100,319414.6752698582
916477010,330648.3792905137
923125030,139412.88150422473
923203090,171825.35617573658
923205120,116882.08914208761
923225240,116023.98407224254
923227100,127828.28508364219
923228310,61957.89108510126
923229110,198310.5485962997
923250060,164198.91212801234
924100070,165496.65922469195
