PID,SalePrice
527127150,259711.54197957134
527162130,206307.3832428534
527163010,194932.7381711424
527182190,249335.20736720657
527216070,462044.35287730116
527358140,207708.6314166119
527402200,163936.18239815955
527402250,183089.65567149615
527425090,81288.96890029387
528181050,250950.64376720716
528218150,193718.86926676636
528240070,237995.70061063475
528250100,200920.94389370747
528358010,314974.5372319506
528382030,290332.7507518444
528445060,217346.28662979364
531367050,236576.5554238548
531369060,177804.35222197368
532351140,117075.91455198142
532354090,148331.86225784625
532376160,138653.6113646191
532479070,226255.60140888242
533212060,155246.21877139297
533221090,161349.5956299802
533238045,217917.4778459152
533244030,219518.44728827145
533352170,157989.3139611306
534152050,227840.75409624114
534152070,224024.9230804571
534202160,160419.27839563534
534251320,183274.5635131383
534276360,145268.0726940232
534425310,156856.2951814857
534427010,155393.89297360246
534431050,229250.7741530153
534431070,151426.2364571089
534479320,186598.91181039967
535106190,169228.57031793927
535152250,157508.510032926
535302080,125701.64205299398
535350030,137019.1141244712
535350040,141716.87885328504
535454070,120449.10992578082
535457090,137403.07095397406
902102100,194675.2832549627
902104060,62009.615086713704
902110090,167655.83798821305
902125080,138232.52161740517
902206040,113180.28477554546
902207140,71259.34246679174
902402010,149144.16755057868
902402250,207130.01181054706
903206120,174770.9600799676
903226160,102976.93459791137
903425110,156004.1513678873
903430080,109923.59295910894
903450110,61744.96143121888
903454060,45704.057069135975
903476030,152513.30922413364
904100140,210392.21800227542
904302260,95015.43530806077
904352190,167723.99515556052
905105200,121337.37836003883
905106140,124034.65828127557
905109130,245463.66142054065
905109170,188066.8004067613
905325030,194312.03701768114
905352140,254397.17816050316
905451320,141707.46811589942
905475510,168859.8263702498
906201120,178685.49257477853
906223090,237106.53002605354
906380190,187987.34496950032
906385020,170040.7548179741
906402200,328054.0808246216
907200280,140524.67540288146
907203070,120044.03932792069
907250030,276922.9824180659
907290040,225263.00164035975
907290170,137546.1984805765
907414030,179037.6515933166
908102060,66483.947880427
908102110,105672.43681442314
908103350,125884.62431213971
908226130,75050.94714950804
909100080,154052.37505323967
909101070,101977.65556048456
909250060,248088.04671963936
909428280,260868.0715299335
909452114,214638.96711659196
909455030,139970.58645399514
911204090,114545.83736053154
911370510,248493.01570486752
914478110,180048.09034223825
916386020,169394.08530191504
916386060,175188.61243203623
916386090,230029.98266774623
923205015,194997.71586266902
923230190,100804.11014427635
527105070,191133.5547642954
527105130,265502.2669109101
527131030,342803.8489969502
527146010,277627.7542352343
527180100,183154.117817874
527276160,219071.20652852143
527301320,235700.46757804824
527352150,196799.64654440593
527375180,162600.34390325277
527376100,162437.1654433509
527378140,217212.85959869283
527405180,99995.77324920251
527425110,93472.60163912737
527450280,94012.10935892619
527453060,127418.58071597297
527453140,128213.57576260171
527455050,150917.58266304215
527455080,150764.57048096944
527455090,90245.30092952438
527455280,154275.23017406533
528102040,318085.9979236536
528102140,401325.4151684134
528108040,360855.28737002844
528112040,292222.4106860821
528116010,328998.3250086738
528118060,373860.8913199256
528120030,317206.1316738769
528138010,332553.7762542824
528142040,337950.29151373776
528142090,339487.16825221357
528142130,307991.09107003524
528168030,357516.6442236509
528174050,249980.63949311856
528174060,264855.54944336426
528218090,193313.18233169036
528220040,201401.15113155503
528228295,192621.55865172384
528235010,215791.05894475634
528240060,213770.41175714222
528250020,220398.57924667723
528250040,193380.10385168542
528275070,248183.83425680432
528280230,231500.13863506797
528290030,194375.6146931349
528290120,211323.67184143746
528290180,207283.49844695537
528292030,286185.41644587804
528292070,230132.0178537616
528294050,200920.94389370747
528344040,346422.40566161356
528365070,342162.6819942972
528431020,213695.54700108746
528435050,245073.75321171322
528439060,224273.52205085376
528441020,220179.02897384283
528441090,318864.15530595684
528456180,214502.15868968738
528456220,172226.82764596422
528458060,184590.81892930312
528458180,205463.7342722083
528477070,239794.06487932292
528480040,218724.02256270993
528480130,193296.11442213366
528482040,241840.4056314179
528490070,201737.23524617258
531363050,135403.2745555127
531375040,149712.27074809052
531375130,178329.6634550349
531376090,188470.8360256575
531379050,251031.2249268942
531385020,194535.7629383121
532353020,133790.36639330216
532354230,105335.39660581612
532377130,141115.37671310548
532478020,255664.5434749031
533213020,202559.66368408286
533213040,153104.55930022712
533236050,210669.06804775682
533252040,244561.26628669037
534127130,175213.4882346438
534127170,194148.5946788972
534128020,207538.16597963116
534129080,214453.87068600697
534152120,170682.95731354755
534175080,242922.9924592944
534177230,212131.11961779755
534200030,146326.66652616605
534226120,114465.75921146771
534251030,185082.8088986026
534252240,174867.10426392689
534275060,127181.09153112277
534275100,99995.77324920251
534276040,99995.77324920251
534400290,168985.4498338925
534451110,113095.64438020976
534475185,174966.38731699533
534476320,115030.83949757583
535126010,224126.10042230357
535154130,153515.2977139908
535175030,219446.45072646902
535175050,133708.0216229077
535178040,138916.00590578426
535179160,158718.67166215397
535301170,163377.35245129478
535303150,175822.30799941893
535325290,113411.9660579027
535354070,143978.71107860468
535375050,156564.21937632095
535381040,205633.52062276276
535383060,84351.29410407854
535403190,126106.56604097446
535450160,42727.22550489244
535453200,142030.80287392894
535475010,143910.33516270624
535476110,71486.93425293527
902105060,109935.01374405617
902106010,145993.24192940217
902109130,115322.99667411779
902134120,91495.60645720486
902135020,105815.79889373411
902201110,110972.50741326965
902300090,99865.45667850378
902301060,134497.79010979703
902327070,170002.0851032421
902329080,133707.2766647234
902330040,156196.59210703627
902401130,144355.5606952288
902402150,114749.37850265113
902405100,138803.0532684989
902406070,137968.94368370197
902477120,55084.96451011498
903201020,145967.49502161425
903202170,164983.70759865167
903226130,99418.7411786994
903230100,133360.7892544597
903231010,121667.06663337715
903236040,118791.06297802027
903400220,177160.5975559286
903427120,177013.12679665527
903475100,114412.19379937479
903476090,140657.49996453867
904100190,101941.13718694956
904301070,145530.60516634953
904301375,83145.81706417602
904351200,142178.50169388554
905200260,177057.2164506702
905200350,118167.17372243096
905325020,209874.20275063728
905451300,135968.27616087522
905452040,152235.72333226318
905475160,156475.49551933026
905478030,159490.5445676999
905480030,94083.7176712121
906201050,141277.62348365993
906223210,214343.5800789118
906226060,173477.09096794075
906226080,110120.14941969984
906226090,143427.6973313884
906226140,85631.6093336093
906340100,248519.78459438603
906378110,207080.40806235594
906380060,261406.758341331
906380100,232195.70547228085
906380220,192375.26935172913
906392130,195904.46024505293
907126050,151287.33885226116
907131090,218799.18112242146
907131190,233735.34966307768
907135040,143668.0493347406
907135170,149228.02415148978
907185050,208035.46352909668
907192030,183224.8092680947
907194110,197226.07265055447
907196060,193884.49357312673
907202130,156895.6847827135
907227080,104480.0986351954
907227110,118993.28831448185
907252060,242736.2281955291
907252220,216118.83247983502
907265010,190190.21201630714
907275090,228696.2631059949
907285020,227195.24759187203
907285050,184430.51511205366
907290070,169232.41792290026
907412020,188721.50015459675
907414080,190330.38069082698
908102050,157075.2798596879
908152100,128228.80130785382
908154040,264853.54526444734
908225370,110006.63794563284
908229020,82023.9113271811
908275040,107856.06153236053
908275110,158274.66373450047
909101010,84401.98023002986
909101140,142821.7366196222
909129090,138575.9471963951
909179020,291240.1166106148
909251170,168147.46733130614
909253180,157558.25400583894
909279010,216222.3296667282
909282130,154584.05510300276
909427200,149969.57235520924
909451040,71050.87526797317
909451140,113337.06115816387
909451180,113337.06115816387
909452050,244650.4580866853
910204050,187686.35780565528
911104060,59295.95641969901
914475010,126499.96659220097
914475030,170912.02345492796
914476020,130248.42667567666
916386140,209867.30186853925
916403010,185137.37596155604
916403250,242000.91894457943
916460110,221933.39011613396
916475040,270830.6384388674
923203110,178878.08213975947
923225360,107121.63725882403
923225490,121941.6866496773
923227080,173745.8965365019
923275040,178834.70250109743
923276260,146625.71151058632
923400025,144642.61381600477
526351030,166220.78153594123
526353050,264544.7373542743
526354070,209548.32027388513
527106150,217306.8759458709
527127140,287939.56752720487
527140090,252225.47078068665
527145090,226521.0460859771
527165010,209563.97794598143
527183060,252225.47078068665
527214030,352731.53206216765
527226020,165275.3412208104
527252080,292172.7366477335
527302050,188360.3178986461
527357110,108325.2064797538
527380240,268300.7215531695
527402060,137448.3953524746
527450110,84472.9784566114
527450520,74933.84755429659
527451060,74933.84755429659
527451290,74933.84755429659
527451400,74933.84755429659
527451550,119474.72155375194
527452150,120677.99618783087
527455270,99648.38256445614
528104080,382817.58903946186
528110110,429100.73651188123
528118030,380307.14481560665
528142020,307878.64793610404
528166120,379180.07301162963
528178090,357210.103684438
528186080,310982.9259758552
528228345,207709.15240434694
528228445,207727.66442298554
528235120,213669.35991803865
528240050,219992.8997182532
528280130,229755.26413000794
528326030,304765.64084152784
528363020,326067.5052813103
528363110,356281.30811066716
528387050,305549.62049657875
528431080,185508.94660303358
528431120,220826.45403034543
528458050,196929.3116982316
528462040,196785.94961892063
528478030,221876.5364534979
528478040,233891.69446439683
528490080,188721.50015459675
531363060,138637.37767625158
531373060,171604.5153699281
531375120,159251.4016504053
531376010,181608.135477947
531382110,194380.61396055715
531382120,231711.30466311245
531450030,203741.96566828992
531450170,182596.4450517394
531452140,151155.3200435181
532351050,152820.97930337596
532353050,133325.9625652311
532376170,73993.90228048293
533206050,177047.29884398033
533208080,157402.75543063038
533212050,152336.20594912718
533212140,137179.56692682905
533212150,132509.5182351046
533215020,227841.3409408117
533215070,206530.30863656366
533215080,242944.87960943562
533217050,154480.24310273974
533234020,224842.71436976135
533350090,303104.3656173276
534126090,222319.50291616464
534127230,184423.17344891565
534128050,162520.9543228273
534129060,212042.84001719276
534175140,121437.55451937189
534202130,118284.00345846204
534225110,135103.04789524598
534225120,135103.04789524598
534250010,129283.02225071436
534403100,147693.48642274225
534428020,171200.71384675612
534428100,142334.681554368
534453140,93595.84799327479
534477090,176522.25051716133
535105030,141707.46811589942
535126140,201584.25747574095
535150210,143328.7417551734
535151160,152943.35095742572
535179060,191176.80900727137
535302140,126916.41476656485
535305160,92639.90750403062
535327230,218513.6466816465
535375160,103071.37851220998
535402120,180622.35893586668
535451010,91492.20821926546
535451050,102984.42011145024
535451230,114869.17211856108
535453210,147923.84033764212
535455080,89480.07968657318
535455090,97391.69203558569
535456100,106382.39026072936
535475020,170928.26605291694
535476370,153955.3909058919
535477090,120446.6966945705
902100030,77435.50580351922
902103150,99337.90748919202
902105010,103294.47487905996
902105020,234509.45307660243
902105130,64400.57725293879
902107030,107476.6018109943
902306120,104847.94267007658
902306130,140982.30872038793
902406020,128774.0777947181
902427150,118506.68814639331
903201030,116473.66227709768
903204095,77581.89565385418
903206070,169116.7160649512
903225160,102505.19882413343
903226060,155933.86222937505
903226150,95421.54929961708
903228040,132481.2312681063
903230110,127797.29658940695
903232030,80064.00771766741
903234090,166184.5963966913
903400180,168469.29100844858
903401020,199329.019577574
903453050,128751.63570890012
903454100,187789.29834115677
903455030,117203.66395121082
903455140,94147.37499165592
903456130,169276.71053082764
903484020,112830.92673149591
904100160,133058.6836392291
905104080,128537.68840583884
905202230,169651.38690903375
905300020,105603.94640618535
905401045,176132.65877638885
905426030,175792.02038692942
905452120,100502.64389724137
905477050,93069.21985445445
905479110,96142.33320550599
906223140,243290.27796227153
906380030,224302.5837765549
906412010,291472.29098895134
906420130,242444.22414455446
906424010,221002.49136030232
907135260,150060.8036642196
907192130,218464.04611338468
907196050,214506.75853881368
907201060,111260.79284118563
907227300,93205.7433305823
907251090,244107.31214891543
907255020,243410.04672674235
907255060,271600.0402589778
907285080,216969.53060132946
907290150,137546.1984805765
907295020,227807.0925214137
907405020,214500.7951279221
907418010,193015.8279377748
908103280,146015.34118634308
908128050,166231.49133382557
908151040,144345.41656277946
908186040,135939.92609794298
908201120,88617.64342960328
908225170,47559.852661797544
908250040,50915.02222552107
909101180,161944.05730703587
909131170,137574.0701602039
909250230,217981.54338927832
909275050,143525.87001776005
909276170,161269.2021899948
909281110,215278.54042971623
909425085,235304.9551252596
909428190,213659.51380734044
909451150,177926.20123633737
910200080,106423.50848339064
911102090,92844.69439551658
911102170,99818.62623024246
911370490,253324.73177560675
914476010,167810.43903734552
914476450,226827.67750993947
916125425,219224.37013373367
916380060,234684.75562819306
916403230,180406.51458409
916460060,231076.30132606198
916477020,277543.39787927095
921126030,267278.5559496688
923202005,174341.14841659422
923203140,162902.07334299872
923225080,117165.1869064432
923225370,114862.99775166459
923252100,105654.8870551629
923277040,151985.78033212642
923426010,97346.56679516262
924100020,203373.81811102532
526352080,194671.3581932358
526352090,158140.3946124506
527110120,195156.93393996076
527158090,231625.38463725641
527162090,189328.7452350121
527163080,167881.15035010484
527165100,205124.29574809142
527175130,142432.7716719404
527182170,289734.80443692603
527184020,217466.16103063358
527210060,341768.81685812405
527226040,125514.67512627892
527252050,304354.16188677354
527252070,285676.3929168711
527301080,185145.27561805455
527302090,221660.70920744888
527325110,200048.41737510066
527328020,125434.20148504502
527359010,179720.68884566065
527359080,191528.49560804293
527402240,172752.8174152806
527404100,112287.0939034511
527425140,113441.54585885475
527450220,93606.42983050218
527451170,124567.24399271709
527455030,117487.00983395612
527455250,129097.41255274763
528102120,288827.39572677197
528104010,396785.5660086316
528106040,382296.5192062191
528108160,295235.12570884975
528110070,321473.44986175746
528110100,352741.34561270184
528112150,289316.99771294254
528118040,411391.6936795939
528120150,324236.11494229664
528144050,313779.507270143
528150040,322529.64321492333
528168040,330997.0831352157
528172050,289624.02010185894
528172075,255613.39424935798
528174010,245633.92555942363
528181080,250950.64376720716
528186050,286761.4792998651
528186090,294892.02036528336
528186120,291286.65483139147
528188160,267518.4613479816
528218020,199779.87749228103
528222060,185378.25715909284
528222090,172950.7676402399
528231010,243883.29437727144
528235000,225938.39343160554
528235160,239312.1515105178
528235170,226566.68262320518
528290170,206746.72434610486
528320050,524599.6737164775
528327060,393347.62288114935
528354110,342219.0538072296
528429090,257837.80849612164
528431030,227178.93502399325
528431040,286516.97405242606
528431110,233513.02453127032
528435070,216780.45080324195
528445020,203509.46548532162
528456190,179417.46280083057
528456230,179174.96173230844
528458080,203318.73638060567
528458130,286595.26002321084
528477020,205122.5760641785
528482010,240054.39680449732
528482090,270400.41084720154
531375140,157634.72786025764
531451150,101564.40421578706
532378240,108407.0768070967
532479050,149821.54810959412
533120030,391467.1953662281
533130170,357146.9646158544
533208040,184192.5927159066
533208070,142639.25197648036
533213130,176626.4743782373
533236040,150679.54861500562
533242090,248761.7935263832
533250190,220307.197235196
533251110,272858.25193176727
533251130,177736.62150772577
533254130,158339.76005894082
534104090,235489.85623590587
534125120,153952.58323504467
534178010,151093.58683614153
534201040,140775.93630489762
534202030,155746.00768271135
534252110,154518.55263986654
534275170,124357.42483388123
534276180,139465.03702793215
534278170,145257.2223607101
534278190,102420.78393442403
534403290,215002.6499339666
534403420,160177.66644582694
534425080,187064.47441896776
534429030,55747.50145590036
534431020,120262.43300058614
534450090,12535.667318450869
534453080,95469.08663678904
534475170,171349.98425971408
534478140,140613.44423232554
534479120,141546.22103750432
535101150,111513.31600966751
535105110,157558.55900162226
535106180,126815.91055671677
535151100,136053.7096995089
535151110,131740.86837977447
535152060,136653.41814002107
535177110,171288.8877451892
535181030,197352.40532206363
535181140,153629.3820552853
535302070,106785.80316782271
535327200,105169.12937767505
535353160,120106.03671827653
535354050,108620.11434056284
535375130,77668.27179578414
535378080,131120.66802164252
535379110,110724.28979898269
535382150,64245.11677935315
535450220,134772.0831873776
535451040,110019.15074811807
535451110,121133.34975460346
535452060,123880.1841169674
535453080,135360.07910790294
535476360,179006.76832329846
535477130,162682.47418272027
535478040,133031.02139195625
902105110,128192.76232822111
902106070,97155.39787249267
902110010,108379.82940068097
902202070,104481.98885432634
902301030,133042.37201974544
902305010,129826.50402792548
902408080,209349.03105319047
902427040,94966.68135036418
902427180,120677.15290361164
903225040,116146.61908218572
903231180,118335.3356043142
903232100,124818.34313401801
903426010,148442.66884434083
903453080,248634.8711448211
903454010,116224.00359688842
903454090,151895.20066540956
903458060,130505.74105116175
903476100,82598.08473400082
904101070,286324.0367254705
904301110,112677.73287924092
904302010,106350.28323226637
905100080,169018.48727308464
905102010,134650.7720249416
905103110,140699.70246451657
905105040,110062.22306033116
905107140,147643.8447230562
905201080,177534.61601767052
905226080,124334.09653741727
905226170,156778.66311397677
905301050,237507.53850235319
905376090,159026.5831697841
905478140,157712.53863836135
905478220,169921.8689659996
905480090,121568.68318460953
906201022,224354.1490214263
906201023,226139.18706734688
906201200,285608.3206682062
906380040,227212.5965988207
906380120,193322.3684769876
906380160,171495.761229107
906394050,199971.6432348325
907125040,162011.82844205562
907125120,130149.7623468602
907135180,131362.3456205871
907180040,212488.11595065455
907187040,216857.66149335718
907192120,215232.89818261482
907192150,178531.85542754014
907202220,96538.2299000888
907203060,115858.99277324055
907260040,206352.9048567895
907275080,216731.36597801506
907290140,137546.1984805765
907295040,210953.99448847095
907410020,168351.41039873613
907414060,179684.32110937568
907420060,181378.8580102988
908102100,142695.7776896918
908127070,142281.20359894965
908152070,157120.93594478042
908152280,183673.3421594643
908154205,497093.80951133755
908225240,126754.74738755007
908225310,68813.38950029435
908226180,57758.68316928776
908250100,102420.78393442403
908275090,112427.51382440254
909252010,161274.88592335663
909252170,126592.4009071866
909275110,162868.97101780667
909276210,160694.5891057839
909281020,116921.19125802978
909428180,184577.07940779996
909455060,119997.4540578113
910201020,91805.95138258353
910201180,142337.22484224226
910205130,129564.2559999678
910206010,56029.35521293826
911128010,131298.22746915076
911370460,251465.55691693694
914452090,196155.88255797932
914452190,142293.87661311508
916384070,220180.06561167835
916384150,235509.40489238003
916403040,168370.97992452275
916455010,220156.5600278586
916455150,312271.17206081725
916460020,213906.78669438296
917425190,189921.3754163048
921205070,281588.1711228794
923202134,122792.46345191734
923202220,196630.50467361245
923204140,122003.39034592357
923225050,176532.4798901312
923228220,65555.70642166918
923229010,142201.46310680115
923230180,111709.60106187532
923251160,160136.03824269574
526302040,139365.69131978613
527108020,238112.7834130607
527166030,197743.61200419703
527182020,200408.74146368858
527190220,294327.46174477664
527210040,481556.8472528897
527210050,353703.58846666
527216050,415967.63877720555
527252090,307259.57485991303
527254070,323542.9083197333
527327080,205610.34820732326
527356020,294288.0982520845
527375160,206358.9955963169
527376110,180227.16325766972
527402210,155319.84383935557
527403120,82314.66724614466
527427210,206629.23579889152
527450080,111140.27412372208
527452290,165428.0119551241
527453070,130042.10002851058
527455100,136001.06702681945
528106010,331432.3062390444
528106120,292777.49008663633
528116030,334095.66829524183
528118010,336143.08352959924
528120140,317775.53071171936
528142070,354121.62926434074
528144030,303679.8959308464
528150080,321166.98245973873
528172020,312083.51087137504
528181030,250788.9763881924
528181040,250788.9763881924
528186110,288616.05430940865
528218060,193313.18233169036
528218080,179068.62952839065
528218140,231552.11731780902
528221010,198550.5853375056
528222020,184408.25288500424
528228360,212235.8390167604
528228565,207889.33180200032
528231050,226811.13272191343
528240080,202883.50146856715
528275060,185566.78661428334
528275080,218517.8702075946
528280100,213605.320447348
528290140,219974.38769961457
528294070,251013.01338956272
528315070,357893.66357584996
528320060,470006.2667300331
528358030,384677.1654476079
528365090,332462.6392534111
531375070,151894.78036478988
531375100,172347.21489104498
531450040,173277.6656095602
531452100,152610.32645465102
532353180,132298.2576124099
532376180,103633.28927703478
532476050,288429.6066760282
533110130,277875.19768025354
533128030,328494.0270474189
533128090,286073.9768842292
533212100,133257.9441444976
533212110,135117.1190031674
533223080,158465.45112862444
533241010,181262.433907009
533242030,205367.4773323015
533252020,165837.53579223086
533253090,159123.3041868882
533253160,155490.65483941277
533350050,246985.52143146837
534127190,262461.2993523527
534129230,179982.39481818743
534176250,133785.01100373233
534201280,145869.21428430633
534202180,143839.7926240648
534250300,216692.3959934912
534276230,140622.85496971116
534403280,169570.55321952637
534403440,141500.11744171893
534453150,120598.5836847347
534479240,159429.9216984203
535125060,225338.6057649143
535150240,121335.86727915173
535150300,348288.9806756043
535151130,86274.89958366012
535178100,141789.67189873426
535179050,161685.20036120957
535301150,136168.41600297677
535304020,132773.40104366667
535305120,179492.17432510798
535325460,225342.23783376627
535353180,282362.39375631465
535354130,109679.16838115151
535355100,112695.28263850116
535380130,146220.00329439243
535381060,107517.23143511606
535402100,131890.45157512507
535403150,154014.0830877853
535404080,115863.59262236685
535425040,215708.07790960366
535451190,114222.50260250202
535454030,42727.22550489244
535478010,135721.80669469447
902100130,102399.09738904962
902104020,116394.57151569345
902106040,162241.56906082976
902110120,179727.3910675441
902128100,82767.00114017841
902325050,134715.35552545698
902325160,104125.4004698314
902329070,105632.44496934496
902329090,159736.962076248
902456015,52309.57234582769
903200050,57930.24929305169
903231190,101035.41496884708
903232170,23188.311184044956
903235020,64543.93933224979
903236200,127073.47036323205
903400030,89391.28707454517
903455090,108889.13678578145
904100090,140694.27792183292
905100030,157088.80110841105
905200380,100700.62889747956
905201090,172279.4639403122
905351045,228973.32923371415
905426100,249704.29945953784
905451050,177547.80757054064
905452150,133686.77416484436
906204180,237943.99450366406
906223180,205532.70792260702
906225180,164608.7897894925
906380150,174248.70652148436
906392120,243168.44871778556
906394010,190598.98031297038
907125020,139105.9722152644
907175030,213611.62454334085
907187010,224034.37747468753
907192010,213880.59397198388
907194130,194620.15983911027
907201160,120131.52499695806
907203010,102724.66261486302
907227090,99995.77324920251
907230240,146238.29554122582
907290080,251590.70925522305
907290260,215975.6771194589
907410100,173924.33512561928
907410110,196715.87235541063
908102320,192174.16901544898
908103320,85216.3781310498
908127050,144294.1461801357
908186090,150703.42955209297
908188120,162803.84650066958
908188130,162803.84650066958
908227040,85373.4193006412
908228040,110171.13296406849
909101050,112515.30995978261
909101190,201241.2531859771
909201180,105699.013867081
909250200,132409.72440739634
909254070,165716.6621692037
909275250,150905.17329179525
909281010,234027.2407329561
909425120,235831.22856952247
910203230,64873.480995708465
910207110,89931.92474299732
910226060,145570.08206287326
913350030,214308.68777095972
914452060,124590.06841015983
914474020,187114.9686037358
914476050,71239.8333352868
914476500,167514.2686194675
916402125,167578.16003875004
916403020,210093.7301877626
916475100,267758.95823758683
916477010,276022.2998670437
923125030,169028.49962895148
923203090,163025.2682589267
923205120,124409.13724206504
923225240,147966.72044487234
923227100,183214.44655815212
923228310,83421.38495257187
923229110,135103.04789524598
923250060,178544.60383573303
924100070,165589.67933413884
